vx,vy,vz,speed_frac,v_yaw
0,0,0,1,0
0,0,0.9630499267789727,1,0
0,0,0.9409791328486086,1,0
0,0,0.9074954248722996,1,0
0,0,0.8715613177687572,1,0
0,0,0.8360124098658115,1,0
0,0,0.8016248964284355,1,0
0,0,0.7685574140045757,1,0
0,0,0.7368294861539582,1,0
0,0,0.7064484402610016,1,0
0,0,0.6773394369828858,1,0
0,0,0.6493881437701181,1,0
0,0,0.6225360295932418,1,0
0,0,0.5967643788522428,1,0
0,0,0.5720534038497536,1,0
0,0,0.5483636946072975,1,0
0,0,0.5256475448203652,1,0
0,0,0.5038660003333673,1,0
0,0,0.48302003530763304,1,0
0,0,0.4630440484669105,1,0
0,0,0.44384645278021706,1,0
0,0,0.4254164754170252,1,0
0,0,0.40775314894241954,1,0
0,0,0.39081148180313074,1,0
0,0,0.37459109108385846,1,0
0,0,0.3591154874565483,1,0
0,0,0.3443234213501194,1,0
0,0,0.3301119928769276,1,0
0,0,0.31646491929802767,1,0
0,0,0.3033631137432824,1,0
0,0,0.29076015994896665,1,0
0,0,0.2786730384435091,1,0
0,0,0.26713675709495277,1,0
0,0,0.25610428712874567,1,0
0,0,0.24548546222080125,1,0
0,0,0.2352528475099811,1,0
0,0,0.2254383608849615,1,0
0,0,0.2160355599846383,1,0
0,0,0.2070124336641329,1,0
0,0,0.1983660321922801,1,0
0,0,0.1900872563082754,1,0
0,0,0.18216093806661593,1,0
0,0,0.17461804649070323,1,0
0,0,0.1674069158834044,1,0
0,0,0.16044910217748154,1,0
0,0,0.15381128738518857,1,0
0,0,0.14755802580666266,1,0
0,0,0.14156842391285285,1,0
0,0,0.13572007601213543,1,0
0,0,0.13008397145146866,1,0
0,0,0.12473352632580081,1,0
0,0,0.11957137759702896,1,0
0,0,0.11454689187610378,1,0
0,0,0.10969808058758501,1,0
0,0,0.105046915232755,1,0
0,0,0.10062783931129393,1,0
0,0,0.0964669193208395,1,0
0,0,0.09250415323715178,1,0
0,0,0.08865169226778413,1,0
0,0,0.08491514156330005,1,0
0,0,0.08133754498065571,1,0
0,0,0.07793282192717099,1,0
0,0,0.07467776540692739,1,0
0,0,0.07153163602030177,1,0
0,0,0.06848893346149276,1,0
0,0,0.0655790871026729,1,0
0,0,0.06283685393436234,1,0
0,0,0.0602964214556283,1,0
0,0,0.05792468761294678,1,0
0,0,0.05561914541965618,1,0
0,0,0.05332733473891271,1,0
0,0,0.05112739729639504,1,0
-0.06593935084822683,0.5,0.04915658700533754,1,1.2922803448747053
0,0.5,0.047192952383937836,1,1.3074738258360306
0,0.5,0.045106888445426874,1,1.2642564799765095
0,0.5,0.04304456076202656,1,1.1810518516070767
0,0.5,0.04102412609642758,1,1.123468819456387
0,0.5,0.039189227764104495,1,1.1235291854419893
0,0.5,0.037753393906729826,1,1.1096671378949734
0,0.5,0.03662856117748425,1,1.030533377740758
0,0.5,0.035453628392983494,1,0.9593613148943553
0,0.5,0.034084034402196095,1,0.9499161643696353
0,0.5,0.032635786976686454,1,0.9369405801650641
0,0.5,0.031201913956655947,1,0.8658878673114678
0,0.5,0.02983310695906971,1,0.796732771412133
0,0.5,0.028529360458222963,1,0.7859533882317933
0,0.5,0.027279742720560884,1,0.7701294356689821
0,0.5,0.026077968538376295,1,0.6958954427498277
0,0.5,0.02492499597181097,1,0.625810372420012
0,0.5,0.02384559488751803,1,0.6141362456511924
0,0.5,0.022905762224066817,1,0.5952648033387401
0,0.5,0.02207977316882892,1,0.5348747984253464
0,0.5,0.021208955887026093,1,0.49269054352667774
0,0.5,0.020290482393311104,1,0.5090811224363223
0,0.5,0.019431535946227152,1,0.5273069617740422
0,0.5,0.018599562373736167,1,0.48691635444094605
0,0.5,0.017773156197896878,1,0.4482024357612151
0,0.5,0.016998823730285162,1,0.4664507059152967
0,0.5,0.01629686521679985,1,0.4839580951736797
0,0.5,0.015626047418205946,1,0.44494420740243923
0,0.5,0.014959089197729925,1,0.4086469926820262
0,0.5,0.01434957001147108,1,0.4301435400191518
0,0.5,0.013794242287615721,1,0.4482296767333611
0,0.5,0.013199626619076588,1,0.4101777092910315
0,0.5,0.012608481728465515,1,0.372046749670357
0,0.5,0.012093736288494417,1,0.38941590833159534
0,0.5,0.011594044303479656,1,0.4036780437339673
0,0.5,0.011075893525060332,1,0.36174070044359286
0,0.5,0.010590710194139707,1,0.32248836310036344
0,0.5,0.010145742676172631,1,0.34115184757302486
0,0.5,0,1,0.3566590435287311
0,0.5,0,1,0.31414419233248747
0,0.5,0,1,0.27473297687598897
0,0.5,0,1,0.29346081300623994
0,0.5,0,1,0.3087153277110013
0,0.5,0,1,0.2665171858707591
0,0.5,0,1,0.2273148623257819
0,0.5,0,1,0.24372270736797597
0,0.5,0,1,0.25760586700386656
0,0.5,0,1,0.210299576821398
0,0.5,0,1,0.16605822593256025
0,0.5,0,1,0.1811188802090833
0,0.5,0,1,0.19248889972244498
0,0.5,0,1,0.14353014125734176
0,0.5,0,1,0.09858044806615296
0,0.5,0,1,0.1090385813636845
0,0.5,0,1,0.11693685395123188
0,0.5,0,1,0.06720218453376536
0,0.5,0,1,0.020595954318794574
0,0.5,0,1,0.032793369758947755
0,0.5,0,1,0.042200893463189004
0,0.5,0,1,-0.007570123630307624
0,0.5,0,1,-0.05394435546480869
0,0.5,0,1,-0.04103687490666519
0,0.5,0,1,-0.03230561083266492
0,0.5,0,1,-0.07168924526350162
0,0.5,0,1,-0.10037805603363803
0,0.5,0,1,-0.07157204789423322
0,0.5,0,1,-0.04865300560399244
0,0.5,0,1,-0.08256390360212262
0,0.5,0,1,-0.11376021653839086
0,0.5,0,1,-0.09232369679278696
0,0.5,0,1,-0.07312107943954205
0,0.5,0,1,-0.10751051084239105
0,0.5,0,1,-0.1371295414472542
0,0.5,0,1,-0.10861851916252574
0,0.5,0,1,-0.08758344115815886
0,0.5,0,1,-0.12525455908150995
0,0.5,0,1,-0.1573992865564353
0,0.5,0,1,-0.13627601471662665
0,0.5,0,1,-0.11927134016337848
0,0.5,0,1,-0.15446816488545423
0,0.5,0,1,-0.18668176289218175
0,0.5,0,1,-0.16124052061046878
0,0.5,0,1,-0.1384094619514895
0,0.5,0,1,-0.17190337633749175
0,0.5,0,1,-0.20132888358784085
0,0.5,0,1,-0.1692229453299483
0,0.5,0,1,-0.14024033305624006
0,0.5,0,1,-0.1703270317026404
0,0.5,0,1,-0.20063795198517576
0,0.5,0,1,-0.17237220764282468
0,0.21690262641631053,0,1,-0.1433555358047165
0,0.19540994512208965,0,1,-0.17209763108537035
0,0.17365757456109376,0,1,-0.19746138564730065
0,0.1523383437469914,0,1,-0.1684538831866833
0,0.13288550798134113,0,1,-0.14272879386777237
0,0.11662807033479439,0,1,-0.17256819354307873
0,0.1040973714421205,0,1,-0.1987053116549533
0,0.09509882376718237,0,1,-0.16542634322804117
0,0.08888675211925401,0,1,-0.13524661196725307
0,0.08471073255710215,0,1,-0.16639176474082662
0,0.08239536450501794,0,1,-0.19564421746690464
0,0.0818098490566046,0,1,-0.1678405259103415
0,0.08232920942959243,0,1,-0.1433824362627396
0,0.0833386640176832,0,1,-0.17774287065145566
0,0.08479275235584294,0,1,-0.20979934611673579
0,0.08667194201568718,0,1,-0.1887851934177911
0,0.08847437517089429,0,1,-0.1699030672705617
0,0.08979444640779777,0,1,-0.20503243278023864
0,0.09087721084338174,0,1,-0.2359110551409913
0,0.09186610799965611,0,1,-0.20967277163415132
0,0.09224605736509917,0,1,-0.18601330844653385
0,0.09159874155399916,0,1,-0.22034700691016496
0,0.09014756498445764,0,1,-0.2514040862320117
0,0.08799189388040052,0,1,-0.2245515519560839
0,0.08457822856368846,0,1,-0.2005346032153119
0,0.0794709493061907,0,1,-0.23408527290412628
0,0.07295110603243637,0,1,-0.2656806856541678
0,0.06589179503590437,0,1,-0.23869439142984805
0,0.05919038315511349,0,1,-0.215731177999527
0,0.053202805893564964,0,1,-0.2488887913531177
0,0.0476890112419075,0,1,-0.2795298081433908
0,0.04234230462720312,0,1,-0.2564716457970404
0,0.037293905317895115,0,1,-0.23627553191690387
0,0.032685565435122355,0,1,-0.27464945467539814
0,0.028161995595078038,0,1,-0.3100142271651527
0,0.02333017039928964,0,1,-0.2883379916833726
0,0.01826998095191512,0,1,-0.2665200004133561
0,0.01372781669148404,0,1,-0.30243853626617967
0,0.010613894783009004,0,1,-0.3381717608653301
0,0.00912541791043231,0,1,-0.31613197501211787
0,0.008523869733497058,0,1,-0.2939338638386453
0,0.00799733288630411,0,1,-0.3196323545707722
0,0.007537517609466526,0,1,-0.3402252727845747
0,0.007389360691880009,0,1,-0.30179233622534807
0,0.007151628738175431,0,1,-0.26568331994170524
0,0.006152650408656202,0,1,-0.2900914281490703
0,0.004387262261596359,0,1,-0.3135468117841995
0,0.002736434191655146,0,1,-0.2802965497054746
0,0.0021004694533810486,0,1,-0.2440043489670427
0,0.002484376103144781,0,1,-0.2603561669435135
0,0.0030548636947163033,0,1,-0.27531577220199943
0,0.0029906914336521595,0,1,-0.23327642263814963
0,0.002394286097159748,0,1,-0.19656017792565716
0,0.0021342136784507915,0,1,-0.21688181700178877
0,0.0029996324353702697,0,1,-0.23246157033016113
0,0.00509154558868552,0,1,-0.19238519900725182
0,0.00797386690494939,0,1,-0.155936541944923
0,0.011233127897048556,0,1,-0.1756499003490246
0,0.015072851046898705,0,1,-0.19284553245438274
0,0.019791472273826827,0,1,-0.1542857835195217
0,0.02498389254174005,0,1,-0.1211767387386129
0,0.02945604688991721,0,1,-0.1451207482183059
0,0.03203115978805893,0,1,-0.16341958814994517
0,0.03224347287142226,0,1,-0.12427745968046944
0,0.030268850935494918,0,1,-0.08870543088462046
0,0.026952897652722463,0,1,-0.11250621214883139
0,0.02320049029593796,0,1,-0.1322216488101411
0,0.019228188358866305,0,1,-0.09401106367176282
0,0.015106344370126923,0,1,-0.06070263930624997
0,0.01152070821737361,0,1,-0.0831258826106025
0,0.009176348635711262,0,1,-0.10576019592562469
0,0.008091097687708437,0,1,-0.07487703580846627
0,0.007659756682993679,0,1,-0.04630969018640774
0,0.007278591180198912,0,1,-0.07412085566470861
0,0.006994018198277052,0,1,-0.09968978204810353
0,0.006910222083924333,0,1,-0.07109300214883318
0,0.006566884914899207,0.010049307282273712,1,-0.043985067823004265
0,0.005492851219916828,0,1,-0.07576551825988997
0,0.003933630134193455,0,1,-0.10915472540613136
0,0.0026114003734376556,0,1,-0.08210629702000016
0,0.0019293591795246368,0,1,-0.054316056566012794
0,0.0015855261630717266,0,1,-0.08461769781418482
0,0.0012618708932001788,0,1,-0.11422576024067355
0,0.0012578863985976962,0,1,-0.08529819057566534
0,0.0017986908477007901,0,1,-0.05822988879383373
0,0.0024276716899080952,0,1,-0.08937687990540666
0,0.0026771298271766053,0,1,-0.11775131591853083
0,0.002699619852772006,0,1,-0.08784703748990785
0,0.002569678951050536,0,1,-0.062153198701161205
0,0.0016817813547329585,0,1,-0.09472633419591481
-0.8194894025600659,0,0,1,1.4481786935346193
-0.8176411181779846,0,0,1,1.4178523214765513
-0.8156228150025331,0,0,1,1.3279102533772704
-0.8125566499070789,0,0,1,1.2429294336934196
-0.8067305485187934,0,0,1,1.2291681941173904
-0.7963072550771056,0,0,1,1.2150943199726607
-0.7803327125107817,0,0,1,1.1269625718887482
-0.7589476218266098,0,0,1,1.0259233640024634
-0.7332146744907287,0,0,1,0.9846056987685827
-0.704280724235182,0,0,1,0.9880329100421248
-0.6728129525118565,0,0,1,0.9742345901020366
-0.639427857860801,0,0,1,0.8996165895239527
-0.6046774541332189,0,0,1,0.8262559560032856
-0.5689590771583846,0,0.010113976033820471,1,0.812625575554037
-0.5331085172418698,0,0.0102121116431656,1,0.7995517849403511
-0.49875459807008093,0,0,1,0.7302696978918197
-0.4672627136933329,0,0,1,0.656614157799678
-0.4389354357354106,0,0,1,0.6376786963885386
-0.41344008721793535,0,0,1,0.6365505621517658
-0.39072344001041426,0,0,1,0.5924651284678752
-0.5,2.220446049250313e-16,0,1,0.5454100159187116
-0.5,0,0,1,0.5500007235599269
-0.5,0,0.010270147880043323,1,0.5550327287470886
-0.5,0,0.010426111110333203,1,0.5072016779627067
-0.5,0,0.01011148572926801,1,0.46067173777759285
-0.5,0,0,1,0.4717934827735144
-0.5,0,0,1,0.48287251380894336
-0.5,0,0,1,0.4360064393554963
-0.5,0,0,1,0.38593697501347846
-0.5,0,0,1,0.39408083025940055
-0.5,0,0,1,0.4023940721945998
-0.5,0,0,1,0.352226950489519
-0.5,0,0,1,0.29944955085404823
-0.5,0,0,1,0.30636437018232554
-0.5,0,0,1,0.3106068141623055
-0.5,0,0,1,0.25604112600716444
-0.5,0,0,1,0.20971740516047
-0.5,0,0,1,0.22155177130728188
-0.5,0,0,1,0.22820746212238952
-0.5,0,0,1,0.17738914466709232
-0.5,0,0,1,0.13487359474670813
-0.5,0,0,1,0.1494187992051268
-0.5,0,0,1,0.16093064186162165
-0.5,0,0,1,0.11882314217312473
-0.5,0,0,1,0.07801314185122488
-0.5,0,0,1,0.09091705666283545
-0.5,0,0,1,0.09962577018327146
-0.5,0,0,1,0.05129306281018575
-0.5,0,0,1,0.008697149992557218
-0.5,0,0,1,0.024264364879121647
-0.5,0,0,1,0.03960518399901547
-0.5,0,0,1,-0.0032268454940744817
-0.5,0,0,1,-0.10477493454923126
-0.5,0,0,1,-0.20209140630131328
-0.5,0,0,1,-0.23982633323231983
-0.5,0,0,1,-0.22011546299071494
-0.5,0,0,1,-0.19738395252917007
-0.5,0,0,1,-0.23156715726723753
-0.5,0,0,1,-0.2639395308576087
-0.5,0,0,1,-0.2375736357888063
-0.5,0,0,1,-0.21456323295199953
-0.5,0,0,1,-0.25002228488492984
-0.5,0,0,1,-0.2820195464959854
-0.5,0,0,1,-0.25132159230794393
-0.5,0,0,1,-0.22445267882421716
-0.5,0,0,1,-0.25698449172661153
-0.5,0,0,1,-0.2851650784598201
-0.5,0,0,1,-0.2554157479785779
-0.5,0,0,1,-0.22809965776487662
-0.5,0,0,1,-0.25809233455988734
-0.5,0,0,1,-0.2825685209176063
-0.5,0,0,1,-0.2506864842763652
-0.5,0,0,1,-0.221183289775853
-0.5,0,0,1,-0.24919063430463906
-0.5,0,0,1,-0.2773936263076231
-0.5,0,0,1,-0.24780006030419877
-0.5,0,0,1,-0.22276706352802966
-0.5,0,0,1,-0.2552298425610813
-0.5,0,0,1,-0.2864370284720983
-0.5,0,0,1,-0.2596942508400657
-0.5,0,0,1,-0.23068106665138988
-0.5,0,0,1,-0.2599235743941848
-0.5,0,0,1,-0.2868587931587414
-0.5,0,0,1,-0.2559144970232454
-0.5,0,0,1,-0.22612100225771803
-0.5,0,0,1,-0.2532241059285574
-0.5,0,0,1,-0.2757137725702279
-0.5,0,0,1,-0.24031794836006526
-0.5,0,0,1,-0.20868242912352164
-0.5,0,0,1,-0.23517122754261965
-0.5,0,0,1,-0.25357559334977786
-0.5,0,0,1,-0.2146854973059642
-0.5,0,0,1,-0.18020584720257782
-0.5,0,0,1,-0.20129098297347348
-0.5,0,0,1,-0.2206967103273363
-0.5,0,0,1,-0.1833395218477083
-0.5,0,0,1,-0.1480359552690409
-0.5,0,0,1,-0.17132125956696997
-0.5,0,0,1,-0.18997454727262708
-0.5,0,0,1,-0.15195438077498968
-0.5,0,0,1,-0.11719239386553548
-0.5,0,0,1,-0.13843330152807987
-0.5,0,0,1,-0.15811922383184296
-0.5,0,0,1,-0.11917592169192348
-0.5,0,0,1,-0.08241664971964324
-0.5,0,0,1,-0.10367948462508103
-0.5,0,0,1,-0.12222872446494204
-0.5,0,0,1,-0.08235328675506359
-0.5,0,0,1,-0.04583169333665538
-0.5,0,0,1,-0.06740174280247269
-0.5,0,0,1,-0.08521967330316826
-0.5,0,0,1,-0.04472622790281333
-0.5,0,0,1,-0.008773907933795844
-0.5,0,0,1,-0.030799686191384623
-0.5,0,0,1,-0.04777128246470008
-0.5,0,0,1,-0.006338692742840379
-0.5,0,0,1,0.036094376448825294
-0.5,0,0,1,0.08086654833583529
-0.5,0,0,1,0.12061216039094269
-0.5,0,0,1,0.10271164652060483
-0.5,0,0,1,0.09038326150963272
-0.5,0,0,1,0.1297769193326035
-0.5,0,0,1,0.15985595755132387
-0.5,0,0,1,0.132425486806659
-0.5,0,0,1,0.11054980390046287
-0.5,0,0,1,0.14618421357564282
-0.5,0,0,1,0.1791638502605002
-0.5,0,0,1,0.15459487194556498
-0.5,0,0,1,0.13314553833652187
-0.5,0,0,1,0.17052217799317226
-0.5,0,0,1,0.21118273086564265
-0.5,0,0,1,0.19247832236206852
-0.5,0,0,1,0.17283876863971281
-0.5,0,0,1,0.2115537018166842
-0.5,0,0,1,0.24794855670205385
-0.5,0,0,1,0.22577174082729767
-0.5,0,0,1,0.20894137629366538
-0.5,0,0,1,0.2418261416469396
-0.5,0,0,1,0.25928002289805985
-0.5,0,0,1,0.21821371871733675
-0.5,0,0,1,0.1782781278681287
-0.5,0,0,1,0.1973888634650951
-0.5,0,0,1,0.2130367741607193
-0.5,0,0,1,0.17062768851969468
-0.5,0,0,1,0.13436192088993515
-0.5,0,0,1,0.1557033412374662
-0.5,0,0,1,0.17655916752414624
-0.5,0,0,1,0.14095555291705697
-0.5,0,0,1,0.10646981398635491
-0.5,0,0,1,0.13189943421790318
-0.5,0,0,1,0.15468646265858643
-0.5,0,0,1,0.11980583866237415
-0.5,0,0,1,0.08720213281763867
-0.5,0,0,1,0.11300450340530688
-0.5,0,0,1,0.137594877975741
-0.5,0,0,1,0.10202576555089715
-0.5,0,0,1,0.07289621366452792
-0.5,0,0,1,0.1064437257307107
-0.5,0,0,1,0.13507714736477894
-0.5,0,0,1,0.10461010190585185
-0.5,0,0,1,0.07639214935402139
-0.5,0,0,1,0.10710533104616404
-0.5,0,0,1,0.1335190047962218
-0.5,0,0,1,0.10192854641012605
-0.5,0,0,1,0.07719745775647446
-0.5,0,0,1,0.10992972837344661
-0.5,0,0,1,0.1413312540717695
-0.5,0,0,1,0.11538108036653627
-0.5,0,0,1,0.09193765895254113
-0.5,0,0,1,0.12707086978978177
-0.5,0,0,1,0.15950325635854634
-0.5,0,0,1,0.13953062289768736
-0.5,0,0,1,0.12162863047647088
-0.5,0,0,1,0.15821263241527994
-0.5,0,0,1,0.19061636181592956
-0.5,0,0,1,0.16525133505806666
-0.5,0,0,1,0.1458055458587202
-0.5,0,0,1,0.1819317476024569
-0.5,0,0,1,0.21430473374828152
-0.5,0,0,1,0.1953309039716009
-0.5,0,0,1,0.1790824903043693
-0.5,0,0,1,0.21497101069854008
-0.5,0,0,1,0.2455200192205691
-0.5,0,0,1,0.22056959355938854
-0.5,0,0,1,0.19811932394403264
-0.5,0,0,1,0.23577944882130364
-0.5,0,0,1,0.27065116868473194
-0.5,0,0,1,0.2480279765694866
-0.5,0,0,1,0.22898757591320873
-0.5,0,0,1,0.26391203171265376
-0.5,0,0,1,0.295146399895891
-0.5,0,0,1,0.268052208410114
-0.5,0,0,1,0.24385002119663923
-0.5,0,0,1,0.27747933416266424
-0.5,0,0,1,0.3089711879974808
-0.5,0,0,1,0.2821676677704539
-0.5,0,0,1,0.2566029631396227
-0.5,0,0,1,0.2887439069929152
-0.5,0,0,1,0.3201153533321528
-0.5,0,0,1,0.2931473884153246
-0.5,0,0,1,0.2658476070728515
-0.5,0,0,1,0.29780582722797844
-0.5,0,0,1,0.3238616860465857
-0.5,0,0,1,0.2921177169038667
-0.5,0,0,1,0.26489228542145327
-0.5,0,0,1,0.2956882141754269
-0.5,0,0,1,0.32265058538961044
-0.5,0,0,1,0.29189680364306225
-0.5,0,0,1,0.264060713615351
-0.5,0,0,1,0.2944921736764612
-0.5,0,0,1,0.32317331117297243
-0.5,0,0,1,0.29426842943806264
-0.5,0,0,1,0.26654968729490314
-0.5,0,0,1,0.29720863095414307
-0.5,0,0,1,0.32798674843826303
-0.5,0,0,1,0.29888395451734384
-0.5,0,0,1,0.27513406589114897
-0.5,0,0,1,0.3126156567325413
-0.5,0,0,1,0.34478259743759576
-0.5,0,0,1,0.31930221759458055
-0.5,0,0,1,0.29787299624660957
-0.5,0,0,1,0.3313029760960955
-0.5,0,0,1,0.3634147621123551
-0.5,0,0,1,0.33695804070146984
-0.5,0,0,1,0.3128423387456536
-0.5,0,0,1,0.34748818286294325
-0.5,0,0,1,0.37779494754460163
-0.5,0,0,1,0.3510607788511755
-0.5,0,0,1,0.3264460181282187
-0.5,0,0,1,0.35998462179982127
-0.5,0,0,1,0.39392076125034414
-0.5,0,0,1,0.36881062824049815
-0.5,0,0,1,0.345233629047351
-0.5,0,0,1,0.37640392086149754
-0.5,0,0,1,0.40075335103559384
-0.5,0,0,1,0.37071432047983466
-0.5,0,0,1,0.34763624614082556
-0.5,0,0,1,0.3758770620691738
-0.5,0,0,1,0.39687005608206816
-0.5,0,0,1,0.36039813422930456
-0.5,0,0,1,0.3255732919195635
-0.5,0,0,1,0.34768799685682605
-0.5,0,0,1,0.372852852312366
-0.5,0,0,1,0.34545994993867923
-0.5,0,0,1,0.3194270137215529
-0.5,0,0,1,0.3496754394726884
-0.5,0,0,1,0.37369818116776
-0.5,0,0,1,0.34044626979803194
-0.5,0,0,1,0.31325597528176896
-0.5,0,0,1,0.34207329295496214
-0.5,0,0,1,0.36781611406936765
-0.5,0,0,1,0.3377324007473419
-0.5,0,0,1,0.31064709179664396
-0.5,0,0,1,0.3374732664511302
-0.5,0,0,1,0.361089308228014
-0.5,0,0,1,0.33234438744257844
-0.5,0,0,1,0.3074470291351483
-0.5,0,0,1,0.34051027479469953
-0.5,0,0,1,0.3705773154110097
-0.5,0,0,1,0.34315890456859544
-0.5,0,0,1,0.3165250698812061
-0.5,0,0,1,0.3478898290028214
-0.5,0,0,1,0.38023201539766394
-0.5,0,0,1,0.35482975760165747
-0.5,0,0,1,0.3351611294463619
-0.5,0,0,1,0.3603849318328134
-0.5,0,0,1,0.37047838083579565
-0.5,0,0,1,0.32549256537812843
-0.5,0,0,1,0.282261205051324
-0.5,0,0,1,0.29581992567765125
-0.5,0,0,1,0.3091256846898882
-0.5,0,0,1,0.2636534746626795
-0.5,0,0,1,0.22098251056971652
-0.5,0,0,1,0.236357455551933
-0.5,0,0,1,0.2507313297246885
-0.5,0,0,1,0.20704323562678084
-0.5,0,0,1,0.1631604870189367
-0.5,0,0,1,0.18042273005375797
-0.5,0,0,1,0.19546980657755464
-0.5,0,0,1,0.1478770765282751
-0.5,0,0,1,0.10420471528802411
-0.5,0,0,1,0.11960903603490936
-0.5,0,0,1,0.12919044193954177
-0.5,0,0,1,0.08223789492616307
-0.5,0,0,1,0.03840779969921071
-0.5,0,0,1,0.04898597128669335
-0.5,0,0,1,0.05644016527903828
-0.5,0,0,1,0.008337262350403662
-0.5,0,0,1,-0.03463775256815271
-0.5,0,0,1,-0.0814442433737681
-0.5,0,0,1,-0.1245287037897782
-0.5,0,0,1,-0.11191128398876815
-0.5,0,0,1,-0.0950004318568447
-0.5,0,0,1,-0.12933010357228047
-0.5,0,0,1,-0.1605056235137563
-0.5,0,0,1,-0.1342437444677751
-0.5,0,0,1,-0.1110750587181264
-0.1922688263728063,0.08420751095068257,0,1,-0.1448574123079367
-0.17350998621718716,0.0850703392138279,0,1,-0.1761762605209154
-0.15532641454169815,0.0857779476146549,0,1,-0.1489051176407128
-0.1381840775534282,0.08568366326884291,0,1,-0.12030160023550529
-0.12326508331109409,0.08427596313234909,0,1,-0.15171322336788018
-0.11178120494330901,0.08173293711304941,0,1,-0.18460591610655364
-0.10418108768758227,0.07832716615167268,0,1,-0.15772873307483115
-0.10000671699604569,0.07375243370023377,0,1,-0.13892565373191035
-0.09805557710630297,0.06775947591232934,0,1,-0.17901803360342905
-0.09717022281778176,0.06083782794458181,0,1,-0.21047028461786788
-0.0969820096073698,0.05400453700956498,0,1,-0.18036461202872145
-0.09719777662520368,0.048131611908516,0,1,-0.15005699138304207
-0.0969810671671828,0.04339844051072839,0,1,-0.18047596248147135
-0.0956117614789106,0.039289994334657685,0,1,-0.20987419093971127
-0.09308617826728649,0.03523958927142029,0,1,-0.18072151178452422
-0.08975438079246756,0.03132524435212963,0,1,-0.1547459937914053
-0.08555842498490018,0.02793642445808575,0,1,-0.1873425310682415
-0.08038445595056565,0.025013330822203805,0,1,-0.21742488679020378
-0.07480012970853456,0.02235037899159914,0,1,-0.1901426988290913
-0.06956251675774583,0.02037484160843106,0,1,-0.16465155146068566
-0.06480770697843063,0.019668978703496598,0,1,-0.19770233288311445
-0.060549019312157726,0.020110914180325623,0,1,-0.23108119481379008
-0.057279849999277155,0.020726666035187136,0,1,-0.20420739743083516
-0.055499061526034454,0.020518403927969664,0,1,-0.181634126010481
-0.05517356892489833,0.019355071384406064,0,1,-0.21926373624044393
-0.05569688956724106,0.01802355414385043,0,1,-0.25161266309446884
-0.05645131290453631,0.01742625582176205,0,1,-0.22779419478132157
-0.05727936115690513,0.017671895373061575,0,1,-0.2070689968346282
-0.057908461567237945,0.01819030944698935,0,1,-0.24516350919285346
-0.0575435785754399,0.01856286793203271,0,1,-0.28030943815653275
-0.05565356949343325,0.019063274238095673,0,1,-0.25593173215293685
-0.05242826588031946,0.01985682886569823,0,1,-0.2346325365899098
-0.04859673808457854,0.020310936505045618,0,1,-0.2702955729033967
-0.04489833721921044,0.01975829593674827,0,1,-0.306219202392215
-0.04154038103494151,0.018349820126271232,0,1,-0.2859123498977989
-0.03810384702585945,0.016640003022792005,0,1,-0.26372240911297107
-0.03401995408570058,0.014734972428251836,0,1,-0.2943264532970362
-0.02939230162903783,0.012494300109454737,0,1,-0.320451127935113
-0.02520704767423676,0.010167025742661484,0,1,-0.28995036632284643
-0.022472466878364128,0.008021713884165171,0,1,-0.2603618619082373
-0.02131032096415275,0.005933567931070305,0,1,-0.28784807295012005
-0.0211544419621168,0.004002117595522436,0,1,-0.31137953922502426
-0.021618501024415426,0.002995453236611212,0,1,-0.2795266786315387
-0.022948523592395742,0.003523461510684167,0,1,-0.25028140832592616
-0.025218436263614974,0.005551914545042336,0,1,-0.2736609814354831
-0.02773033026967442,0.008572650580349284,0,1,-0.2949990904610411
-0.02979368624813672,0.012117412445897868,0,1,-0.2590182898657525
-0.031592888606464586,0.016210545585483183,0,1,-0.2254509134148348
-0.033400025514007226,0.02093851949081771,0,1,-0.24763789088424826
-0.03473241785237191,0.02592544014752496,0,1,-0.2674594107350172
-0.035000695886537314,0.03046420403983563,0,1,-0.2266230685657793
-0.03437100158129014,0.03403937381621258,0,1,-0.18921672127742317
-0.03321515455619706,0.036866402425510536,0,1,-0.21248026295040656
-0.03127762675863732,0.039376002175066704,0,1,-0.23281659278873024
-0.02815901146545796,0.041418494217404345,0,1,-0.19283708980909342
-0.02416013352615276,0.04271956602898852,0,1,-0.15351943948207403
-0.020423827598717414,0.04355638258939071,0,1,-0.1746215749972233
-0.01811058242899899,0.0442392553837912,0,1,-0.19246768993546137
-0.017553806073894118,0.044521521419015775,0,1,-0.1523147975753294
-0.018336435951512797,0.044190764278193795,0,1,-0.11617460128246826
-0.019788179773753467,0.043660156294263786,0,1,-0.13757897517638096
-0.02159782223764206,0.04328215176624628,0,1,-0.15696026960690768
-0.023966348667928905,0.042667323048410366,0,1,-0.11861197445923155
-0.027025786049741374,0.041408970935054634,0,1,-0.0855986664685906
-0.030334969175110138,0.03982210814934095,0,1,-0.1106883666964551
-0.03343208264079334,0.03824714389259276,0,1,-0.13321189452536863
-0.03644027623268087,0.03630613670582472,0,1,-0.0982357689543516
-0.039507930925226864,0.03359764684856004,0,1,-0.0691766228600259
-0.042201683999244066,0.030429142455113856,0,1,-0.09815353266273386
-0.04406825319553387,0.027134569610313575,0,1,-0.1239195634416217
-0.04525162936422267,0.023338970513106183,0,1,-0.09216508449726435
-0.04592071680731147,0.018644384903777678,0,1,-0.06689078926903136
-0.04565604678253554,0.013417039210939119,0,1,-0.0983227133950666
-0.04404718342591618,0.008754463002217994,0,1,-0.12718712231413187
-0.04141373956217487,0.005713924662679615,0,1,-0.10466754691635982
-0.03869401328501143,0.004605635676335429,0,1,-0.08485984280066283
-0.0367647844737391,0.005037407765257129,0,1,-0.11609735503583218
-0.035746841085322334,0.006012753988945796,0,1,-0.14322898871414624
-0.035030087445754976,0.006607311312322395,0,1,-0.11292300204882855
-0.03410339882522473,0.006613557775096979,0,1,-0.0831529554904038
-0.03319607106621514,0.006466880767673933,0,1,-0.11108898995554606
-0.03256365599032862,0.006619976419690143,0,1,-0.13445132002380644
-0.03174739902123469,0.00694693286908965,0,1,-0.09956687026112832
-0.030263973912317832,0.007295670879698457,0,1,-0.0670646968889379
-0.02834457954077174,0.008091969904735818,0,1,-0.09218167306281355
-0.02624660306474358,0.009780069884585685,0,1,-0.11110753445386656
-0.02353284115818921,0.012160265029301454,0,1,-0.07305323369544903
-0.019679364768176222,0.01438581397012989,0,1,-0.037714663002068605
-0.014889044481691704,0.01560444723201948,0,1,-0.0556174991130578
-0.010101994392160085,0.015602205166019956,0,1,-0.07161117017710739
-0.0063157538191196405,0.014817209894676497,0,1,-0.033148831557687775
-0.0037944211844592735,0.013708564121264422,0,1,0.0018018751301220881
-0.002039480127450366,0.012091951091860453,0,1,0.039711264844321637
-0.0005681178117916685,0.009783838601077732,0,1,0.07733644966890418
0.0004711756209008211,0.007273549845662197,0,1,0.05722058209019476
0.000911593696790225,0.005072654811104305,0,1,0.04150357036219088
0.0011964917171263245,0.003000522331422839,0,1,0.08403644247917486
0.0017886043958689202,0.000842112402398898,0,1,0.12422307962739243
0.0025559580833791617,-0.0009216925652355545,0,1,0.10679060799176376
0.0033505415422500073,-0.00178693952516773,0,1,0.09570305946934621
0.004598627030536262,-0.001972143491235978,0,1,0.13442416717284544
0.006746315229837596,-0.001747152750974701,0,1,0.16134880467510548
0.009596881030185134,-0.0007772477124750043,0,1,0.126480492374208
0.012221667727130514,0.0012164674639573714,0,1,0.09607961781647312
0.01359585066990665,0.0037557315186274587,0,1,0.12735709602285405
0.013404900381464024,0.006201288858847076,0,1,0.15391979927388322
0.012121731899195298,0.008472433107883759,0,1,0.12177256599014363
0.010245657587134138,0.010514139711294668,0,1,0.09299733688657152
0.007558326755399858,0.011710203617723236,0,1,0.12173179219911567
0.003817054077725923,0.011431515065660203,0,1,0.1417015121732823
-0.0005061148216399802,0.009669855820279794,0,1,0.10483581733939129
-0.004800213804685205,0.00713441855674013,0,1,0.07413798135179661
-0.009101131225051295,0.004646166808454977,0,1,0.1017649273027792
-0.013496760746789183,0.0023647620940824288,0,1,0.12699770580301006
-0.017373707013488282,0.0003276973367109526,0,1,0.09498239452471502
-0.020014449304928017,-0.0009252219290720731,0,1,0.06396758958044613
-0.021410715957590698,-0.0009062371393497859,0,1,0.08728817827435176
-0.022162147320692105,0.00023213046140335702,0,1,0.10969325564491061
-0.02281794630021794,0.0016651257922418172,0,1,0.07526139102265361
-0.023250513560539754,0.002537651110317396,0,1,0.04378288945593001
-0.02322450957705524,0.0027672125296714367,0,1,0.07262051818066917
-0.023140473723216703,0.0030959298630290344,0,1,0.09757097461050579
-0.023427538672365467,0.0043533331735204905,0,1,0.0674847622912762
-0.02393153444856644,0.0066579080184925865,0,1,0.04116980634012002
-0.024308908681498487,0.009436986373665746,0,1,0.0718100890288711
-0.024651041770337168,0.012157720713107056,0,1,0.09931020789927558
-0.02501558575009044,0.014993040392605739,0,1,0.06957382463279416
-0.024802631881947312,0.018144175853220923,0,1,0.04246102516929939
-0.02343094237668375,0.021231062477878537,0,1,0.07303982272686005
-0.021030630796379013,0.023944427055059447,0,1,0.1016019430226649
-0.018413594448399406,0.026682940828107293,0,1,0.07108490706414372
-0.016414670410791588,0.029839286058736647,0,1,0.045313964549352104
-0.015203710696950035,0.03305485225256688,0,1,0.07702460083354445
-0.014236003425297517,0.035696557656109684,0,1,0.10508819179755813
-0.01291981216485516,0.03757735314703525,0,1,0.07756255762873066
-0.011321542038535748,0.03876234579107313,0,1,0.05423199912226595
-0.009897530307227176,0.038902101038506,0,1,0.08723885646370588
-0.008779214079842834,0.03760152898206026,0,1,0.1137649903814939
-0.007572676482139107,0.03509639699359751,0,1,0.08407773524977324
-0.00602069152699114,0.032123307438434,0,1,0.05808061390941388
-0.004560492569745889,0.029259136965969657,0,1,0.0901597423780558
-0.003667761145012216,0.026401627138234796,0,1,0.11916330936908315
-0.0031227538889339046,0.0233679026376456,0,1,0.09037311402539583
-0.0025781143938743423,0.020623795101917364,0,1,0.06364497411892334
-0.0023134446173787016,0.018714872384569592,0,1,0.0951694153806546
-0.0026481887707713314,0.017532441258901243,0,1,0.12575936945732735
-0.0032106846175052883,0.01687686998310811,0,1,0.09872108784451816
-0.0034975740645486475,0.01719374122695222,0,1,0.07197301233729991
-0.0036321696161023542,0.01901751075830549,0,1,0.10351416818738413
-0.0037938083107200704,0.022179086573063778,0,1,0.13607880471031342
-0.003606442672009935,0.025717579804940605,0,1,0.10917449259358758
-0.0026790994030915227,0.028644660665052335,0,1,0.08707304395741611
-0.0012055779462055716,0.03077426313349818,0,1,0.12403573004437041
0.00032659880262053687,0.03267529816837239,0,1,0.15695422591162567
0.0017943332322665762,0.03489468635518028,0,1,0.13334331192629767
0.0036384770864046345,0.037227169722905074,0,1,0.11169946209956105
0.006245651907112348,0.038810153884806076,0,1,0.14970436133447373
0.009289306118481278,0.03890701971038302,0,1,0.19041133395785526
0.01181425945680703,0.03763952939070092,0,1,0.170964354078587
0.013004971229955475,0.03585647759653149,0,1,0.14996113457079607
0.012783207797596341,0.034279266201275305,0,1,0.1878927379063673
0.011709506199911957,0.032791331175911265,0,1,0.22272053569715222
0.010391364960967375,0.031160199130003507,0,1,0.20068665773703787
0.008952171856494995,0.02986492826996129,0,1,0.18280493270152398
0.007513242892397742,0.029359668318751198,0,1,0.22487206100901647
0.006730456258123074,0.029257453140571654,0,1,0.26229674055170404
0.007283048979546292,0.029049723704585195,0,1,0.24128867995321324
0.009333399319707725,0.028970884043917178,0,1,0.2212985471461435
0.012382922525958961,0.02943253591236694,0,1,0.25992269837565507
0.01579377062577747,0.030212548828357555,0,1,0.29711896938303006
0.01958690559113907,0.03090321006967134,0,1,0.2761828466298444
0.024023547708197757,0.03171606164050217,0,1,0.25699632285312823
0.02876836103645536,0.03305602599397073,0,1,0.29581114575766776
0.033212626623262964,0.03471551654037358,0,1,0.3326869880376413
0.03718284708229691,0.03604751010544377,0,1,0.31173246165091095
0.0406636939292242,0.03679312637249982,0,1,0.2924290416675541
0.04322927527319487,0.037550110109987156,0,1,0.32353382299376143
0.044446015651668114,0.03894661368810104,0,1,0.34923542351258696
0.04435201400710109,0.04075378759305004,0,1,0.31568349666052997
0.04356628228419518,0.042247798024934835,0,1,0.2849839175283271
0.04285977592618917,0.04310494755774452,0,1,0.3146675985585019
0.04234787017248587,0.04333547955243755,0,1,0.3430185376235184
0.041266691659959,0.04264036174434144,0,1,0.3140871101959992
0.03883168287741029,0.04071268499871389,0,1,0.2827154317419689
0.03515601484429853,0.03768017735832285,0,1,0.30566025633007854
0.03120903866767183,0.03410715715397622,0,1,0.3275764130081109
0.027954155123532165,0.030507235316705295,0,1,0.2906503468654269
0.025411662567126514,0.026943174447248697,0,1,0.2562880710385711
0.022914377960026988,0.023626304799281628,0,1,0.2789747529196265
0.019993280159368187,0.021382329283041512,0,1,0.3003308749798821
0.016867955308884408,0.020877055045364246,0,1,0.26986452381790116
0.01423321230946939,0.021957224380135143,0,1,0.24120469950373602
0.01264370363334194,0.023842504336194892,0,1,0.2662477202275393
0.011970164876771772,0.025961381255374005,0,1,0.28754379786391215
0.011600057522387519,0.028577983462515,0,1,0.2509625494617609
0.010970130384220012,0.031967219993539464,0,1,0.2202889039173015
0.010045252951884742,0.03557457600475655,0,1,0.24692955936129746
0.009336045949650318,0.03864659625569766,0,1,0.2705040362513147
0.009349739549891378,0.041048603099611225,0,1,0.23745598540630386
0.00993002683040467,0.042789962347253074,0,1,0.20783336608568304
0.01070430409215517,0.04320517332485885,0,1,0.2318528429689901
0.011876124459296311,0.04143113321995523,0,1,0.2528065896090963
0.013801051533073483,0.037238689094519106,0,1,0.22327905442993545
0.016349681611084743,0.031246734104209528,0,1,0.19976343200722946
0.018796145573503176,0.024931223767579558,0,1,0.2297234799954535
0.020402209439648156,0.01980703509990306,0,1,0.25792064615689414
0.021041534174427667,0.016514895444585398,0,1,0.23305476573709605
0.0210913754244636,0.014809089113185347,0,1,0.210203688264607
0.020805389051475498,0.013797824142378734,0,1,0.24333712149220554
0.019801395721773585,0.012771071668066791,0,1,0.2736124895516818
0.017841391854514832,0.011784763706596757,0,1,0.24491679784970488
0.015546410582810588,0.011479874500539944,0,1,0.22027753760605728
0.013589938671042412,0.012569919624741077,0,1,0.24896632359063275
0.011884209652063382,0.015269108999520553,0,1,0.27505120152572715
0.010141985248265428,0.019122810788944178,0,1,0.2461780700745635
0.008608271624487351,0.023178943003687613,0,1,0.21959244161030833
0.007650249512989482,0.026856021947446962,0,1,0.2525079926837419
0.007132979124589656,0.03046936958497598,0,1,0.2828259989442574
0.0068867768747323255,0.034426611414703656,0,1,0.2568356842614321
0.0071714416959728355,0.03833616932643935,0,1,0.23291732707649038
0.00811966030919098,0.041153591197556016,0,1,0.2699068660038999
0.009226502177295315,0.04203890135356342,0,1,0.3038513180686313
0.010143456607412782,0.0409214056454808,0,1,0.27305781261108164
0.011405039004403705,0.038285983146837066,0,1,0.24565417524018507
0.013607532532594169,0.034691841206473784,0,1,0.2781575753079162
0.016532654705567862,0.03029134250283172,0,1,0.3094740025369318
0.019315320416165238,0.02542756725890416,0,1,0.2806759579756779
0.021296175806719386,0.021071366482296627,0,1,0.2538075213692714
0.022527514153656336,0.017976564759675684,0,1,0.28937613349372837
0.02358650619855418,0.015943705200295366,0,1,0.32045383854374965
0.024841917000405056,0.014045512104803204,0,1,0.29185742479426047
0.025971148010348666,0.011541857689614243,0,1,0.2696218093747258
0.026178478749299183,0.008566098615368833,0,1,0.30431572859956324
0.02482897339147866,0.005968717901897902,0,1,0.3340421842865555
0.02197706636219987,0.004441506773926851,0,1,0.3077971399552508
0.018130403153760688,0.003843956802024151,0,1,0.2842055661228531
0.013663012597937951,0.003560692903783136,0,1,0.3183199052005765
0.00837713702992715,0.003372844642260564,0,1,0.34933132862350513
0.0022782131682743123,0.0037600116614492363,0,1,0.32369100213647695
-0.003954916116760909,0.0050530200393353875,0,1,0.3034895854699897
-0.009443621022354964,0.006841971973400307,0,1,0.33009170682249467
-0.013690976184844605,0.008424809198954164,0,1,0.34440580562364786
-0.01675498029233191,0.009604504544440506,0,1,0.30037258170745584
-0.018514070735431987,0.010855439123339639,0,1,0.25909672417086593
-0.018710115116492343,0.012666388448901,0,1,0.2732569644581342
-0.017706189934846628,0.015003090355740656,0,1,0.2851414110821513
-0.01605689646481112,0.017188348120751873,0,1,0.23882938721924507
-0.01366377952762543,0.018401508820288293,0,1,0.19533604602452748
-0.010194516202681525,0.018572393873864446,0,1,0.21302445631948297
-0.005884536425890596,0.018502431456546176,0,1,0.22457381977306579
-0.0016794274233068451,0.01914225852824447,0,1,0.17663250242898343
0.0012872196398618918,0.020712960356095766,0,1,0.13569688606162478
0.002474084120474118,0.0225250309564341,0,1,0.15317135648028657
0.0020870218856036127,0.023695738552495016,0,1,0.16519231046872074
0.0007602452666932713,0.023964485592364138,0,1,0.12160604279412768
-0.0010948392550249597,0.023825270728630887,0,1,0.08267962804760165
-0.003454219713468265,0.023835766237749023,0,1,0.10244711838604736
-0.006070719901006161,0.023847422784650407,0,1,0.11865996774232768
-0.008224482595936111,0.023606123016882197,0,1,0.07762739146412656
-0.009331207514165496,0.02352459845911592,0,1,0.039358291793698985
-0.009493798990730662,0.024106597570922927,0,1,0.058118657191182255
-0.0091574576331932,0.02518503808719691,0,1,0.0755442227593548
-0.00847259943859957,0.025914482202442635,0,1,0.035392323485750055
-0.007405160558108803,0.025472701086481475,0,1,0.0018319230245453788
-0.006333726378520366,0.02377823773556309,0,1,0.025664541829858223
-0.005661001278002509,0.021475200487961865,0,1,0.04434856437332524
-0.005153477470912771,0.01922051191622942,0,1,0.004966873878634814
-0.004611963564851385,0.017014195407461852,0,1,-0.03135030985572662
-0.004540813276275091,0.014828357859058339,0,1,-0.07131387121325705
-0.005504603871149705,0.013310307754095474,0,1,-0.10622513849983406
-0.0073586418129965026,0.013165606852930445,0,1,-0.07790778852678049
-0.009234675069031972,0.014406490423364615,0,1,-0.05539189176830561
-0.010282272966722461,0.01623918609376085,0,1,-0.09467044374117828
-0.010366525949931704,0.017741131959319145,0,1,-0.12817143010374243
-0.010114899423717127,0.01862718605055591,0,1,-0.1041526014918559
-0.010285644947537476,0.019330591178489287,0,1,-0.08453786162317156
-0.010951760999538762,0.02039689636406805,0,1,-0.12090506326055994
-0.011433664282069933,0.021786391522888637,0,1,-0.15561993689205655
-0.010936435274614742,0.022827769812623355,0,1,-0.13184368210786657
-0.009377135469483378,0.02278932692733049,0,1,-0.10619627201899284
-0.007500362624238144,0.021570608471131125,0,1,-0.1402597267113923
-0.006133918742878053,0.019786983204000852,0,1,-0.17419029202316327
-0.005386328893415615,0.018153783039718485,0,1,-0.1482164823073604
-0.004552300747785787,0.016791504383283973,0,1,-0.12527301688143266
-0.002899502397782694,0.015694765690348444,0,1,-0.16010420757270039
-0.0004571260958419199,0.015327374937979865,0,1,-0.1945568314604449
0.00205364919833928,0.01604286765173024,0,1,-0.17072612563546574
0.004044973165136134,0.017499901681654273,0,1,-0.1462568765934189
0.00567115288664638,0.018880391936544172,0,1,-0.17921330678517622
0.007105125168879012,0.019479314799870306,0,1,-0.2059689773689115
0.007765193732833686,0.019188738827232765,0,1,-0.17567938441336395
0.006883410183751604,0.01860613979628345,0,1,-0.149517122758005
0.004376841693310429,0.018491478469069955,0,1,-0.17813061518026974
0.0009478351425356024,0.019067813165257796,0,1,-0.2045087281627449
-0.002559065652260717,0.019924047312355087,0,1,-0.17464726111850304
-0.0059544358472714,0.020556351340987655,0,1,-0.14796205544886165
-0.009210874838380123,0.021148410635602855,0,1,-0.17887727112359686
-0.011670736662454217,0.0220725586625522,0,1,-0.20720822185886956
-0.012556101071698467,0.02313792844253415,0,1,-0.1774043924094748
-0.0117967505213451,0.024048834684564868,0,1,-0.14912723953501184
-0.010154524308403357,0.025047767373078678,0,1,-0.17988312208702517
-0.008420220398377642,0.02639309445653365,0,1,-0.2060952728662122
-0.006619070549020556,0.027789944710321424,0,1,-0.17310269651009014
-0.004746413937705696,0.02892319273262478,0,1,-0.14199229000776015
-0.003560082047320834,0.030030366441802292,0,1,-0.16977566482528994
-0.0038378260933602526,0.03136867455616382,0,1,-0.19267213512491344
-0.0055462622944003614,0.032639002224944536,0,1,-0.15768941581007923
-0.007909108995310166,0.03348655935745737,0,1,-0.12641237169865738
-0.010205477664967266,0.034020811077619284,0,1,-0.1521385674491853
-0.012363918879875757,0.03421956523127612,0,1,-0.1751231593224536
-0.014232506498295106,0.03341157335177275,0,1,-0.14497874108336184
-0.015019888100105683,0.030999644625050782,0,1,-0.11830517212362146
-0.014025223744019266,0.02701811287419409,0,1,-0.1431243384845815
-0.011300417563227638,0.02208378893802254,0,1,-0.16230311841259315
-0.007642114107028086,0.01692842651562504,0,1,-0.12446238524792852
-0.003784278121122253,0.011841078734876498,0,1,-0.08955941688509927
0.00027701121381623617,0.006993762804203718,0,1,-0.1126194338948956
0.004559510256225252,0.0029908828051576908,0,1,-0.13592765991808564
0.008451798446677372,0.0003582373795225635,0,1,-0.10109742728246829
0.011438271593587568,-0.0010547673239889033,0,1,-0.06457859561601698
0.013708706941455318,-0.0016766934832588287,0,1,-0.08599812092483594
0.015473029976469377,-0.0016233085910478673,0,1,-0.10663314069397023
0.016334700766394206,-0.0010580667052929593,0,1,-0.06816654028984814
0.015960688714836857,-0.000773855166666837,0,1,-0.03344552463647865
0.014678230764823108,-0.0015313738421158796,0,1,-0.05717015384678126
0.012827701388073987,-0.0033718591519786845,0,1,-0.07411063446736943
0.010048279039919228,-0.005645931978530139,0,1,-0.03302288250695362
0.005967528218132456,-0.007677233275367179,0,1,0.006374091140238569
0.0009713900078549553,-0.009425330006403665,0,1,0.04872452272822292
-0.003853831460084778,-0.010919451476010034,0,1,0.08934923379373538
-0.007365708747472666,-0.011644903470527934,0,1,0.07102162048633653
-0.009150914226838891,-0.011086124695461885,0,1,0.05064670800316229
-0.009570276011743761,-0.009393747320654788,0,1,0.08957840490876734
-0.009027164376453678,-0.007437220018239099,0,1,0.12630435291159126
-0.0072860533706466946,-0.0061631728118490825,0,1,0.10410286524732593
-0.003989323566578884,-0.00580228082304779,0,1,0.08771158022850623
0.0005998223977978778,-0.0057840920835892096,0,1,0.12774313736310505
0.0055148596677521144,-0.005374972739045303,0,1,0.16346646752655358
0.00970388354015106,-0.004448569180615647,0,1,0.1437059748722147
0.012704334985229493,-0.003643042147974951,0,1,0.12583303093348874
0.01475601052802411,-0.0037127621902039998,0,1,0.16607283819063134
0.016184005576828864,-0.004702145259679602,0,1,0.2067956835672975
0.016798312367452883,-0.005836387936487886,0,1,0.18900575946337295
0.016403403432677433,-0.006316027174993688,0,1,0.1729497477573676
0.015301542241143606,-0.006168004482346112,0,1,0.2061692904327641
0.013701879259943928,-0.006147941707819182,0,1,0.2321219266540835
0.011178639563760917,-0.006906404282566614,0,1,0.19992891020867987
0.007464828620142416,-0.008397572424364674,0,1,0.16749233613445247
0.0030908386314186242,-0.01000111337417564,0,1,0.19481386357783714
-0.001017699481144052,-0.011174419034867045,0,1,0.21878571071559483
-0.004372326359584955,-0.012022653681617368,0,1,0.1829390996638498
-0.007183262169662696,-0.012593381366977185,0,1,0.14998195423631966
-0.00958427822163721,-0.012338042506415903,0,1,0.1782902653769085
-0.01107132107631914,-0.01085046309172788,0,1,0.20341575195958628
-0.011246669843840262,-0.008494005488700052,0,1,0.16614886231152814
-0.010520655590604777,-0.006276617007219598,0,1,0.13238902931212015
-0.009334666906802513,-0.005279405523697545,0,1,0.15263142800017526
-0.007410446277194116,-0.006008548693521076,0,1,0.17028797957191744
-0.004337165364458939,-0.008260228717552165,0,1,0.13450135246865758
-0.00027224773674738856,-0.011068741337992072,0,1,0.1001115531045147
0.003889930587807844,-0.013382488848343699,0,1,0.12241063328632551
0.007172212326014504,-0.014880025885688597,0,1,0.14514892074675956
0.009239137809498477,-0.016032544654111303,0,1,0.10967956246862043
0.010486013594250831,-0.017370051304886558,0,1,0.07745060810310633
0.01141847089727821,-0.01870048747776376,0,1,0.1036498574669924
0.011896116862709694,-0.01968806875025264,0,1,0.12698838419050995
0.01169555363728092,-0.02059428845989031,0,1,0.09192051665019996
0.011248499009795854,-0.021719624345870492,0,1,0.06039043237098918
0.01107392797742729,-0.02264377533311801,0,1,0.08657807705529263
0.011042010056548535,-0.02281548110311704,0,1,0.10985143514699924
0.010955337236128182,-0.02230511086446152,0,1,0.07713397503121122
0.011238000344949706,-0.021462100916706195,0,1,0.047545473151117346
0.012361486754469353,-0.02017966625971901,0,1,0.07460484260115363
0.014109777140095037,-0.018250776011851766,0,1,0.09729948520296228
0.015767307934455466,-0.016047402944998956,0,1,0.06297921289717401
0.01688283606374469,-0.013969967887408452,0,1,0.03074930473790438
0.017741923179007857,-0.011808971173730809,0,1,0.05624605139676797
0.018655262173595588,-0.009332827505031727,0,1,0.07731462052238447
0.019241701187679094,-0.006928051140112745,0,1,0.04023968572111114
0.01909971307300201,-0.0050073067227917045,0,1,0.004158641946734765
0.01851997460202448,-0.003357333628239534,0,1,0.02588471788493374
0.01781742552954857,-0.0017412949346358175,0,1,0.04432333001733779
0.016634749534560123,-0.0005617929955691325,0,1,0.0045612829763164164
0.01459682177489241,-0.0002486652916833254,0,1,-0.03536316384197091
0.012003413492199133,-0.0005860384021314502,0,1,-0.07841538485172705
0.001348546923583549,0.49070640662562565,0,1,4.594632632456643
-0.00647100385369509,2.1138484078159547,0,1,4.552242302694422
0.029704927874904585,2.1258742010431577,0,1,4.44632176339944
0.05187066829408038,2.1339034049362087,0,1,4.286550382607992
0.07155070891557219,2.133456790574752,0,1,4.119733558470699
0.08804287409205863,2.1228174093110317,0,1,3.9792535138258986
0.10000830673785865,2.1015506447669514,0,1,3.812227707421681
0.10633517223626887,2.069333376257418,0,1,3.63352478106581
0.0986767503253585,2.0275499550203406,0,1,3.5225079615792976
-0.03792666573910819,1.9791197468609099,0,1,3.4204384787318474
-0.05025879374544007,1.9262996504639018,0,1,3.2599238142103903
-0.06296096314262262,1.8718946190154866,0,1,3.1057089836592273
-0.07461016996164754,1.8219995622326124,0,1,3.0173254683905606
0.1839344818977594,0.5,0,1,2.9209022292578
0.18749308988297642,0.5,0,1,2.7673549809530966
0.18467883486747655,0.5,0,1,2.62479754359882
0.18118312604621156,0.5,0,1,2.537002000570694
0.1734639273193762,0.5,0,1,2.4417065310405635
0.15974413639407625,0.5,0,1,2.286342622114935
0.14055300925223768,0.5,0,1,2.137154896795681
0.11716821966745378,0.5,0,1,2.053751010462196
0,0.5,0,1,1.979407726417136
0,0.5,0,1,1.858819385953299
0,0.5,0,1,1.7433761909069614
0,0.5,0,1,1.6780698725289416
0,0.5,0,1,1.6309452405668414
0,0.5,0,1,1.5487806935077522
0,0.5,0,1,1.4694605498204378
0,0.5,0,1,1.44274151552451
0,0.5,0,1,1.4104429530952989
0,0.5,0,1,1.3234875420680572
0,0.5,0,1,1.2377072285107777
0,0.5,0,1,1.2109281010018993
0,0.5,0,1,1.1841512842162274
0,0.5,0,1,1.0995249617050602
0,0.5,0,1,1.015742687012407
0,0.5,0,1,0.9859999924918704
0,0.5,0,1,0.9607281886689312
0,0.5,0,1,0.8851370446066531
0,0.5,0,1,0.8120011526460472
0,0.5,0,1,0.7945898293577651
0,0.5,0,1,0.7755979163995355
0,0.5,0,1,0.6985113476817612
0,0.5,0,1,0.6233866116878284
0,0.5,0,1,0.6081622490229864
0,0.5,0,1,0.5957366263023985
0,0.5,0,1,0.5337692544329566
0,0.5,0,1,0.4746621107969009
0,0.5,0,1,0.4748689949020488
0,0.5,0,1,0.4724639385835607
0,0.5,0,1,0.4090898269859322
0,0.5,0,1,0.348712604860254
0,0.5,0,1,0.34229045998627483
0,0.5,0,1,0.34260711332154026
0,0.5,0,1,0.2963488950227311
0,0.5,0,1,0.2533570143499313
0,0.5,0,1,0.26738530032995356
0,0.5,0,1,0.2789419046521753
0,0.5,0,1,0.2319710516977096
0,0.5,0,1,0.18747800676744886
0,0.5,0,1,0.20243553960671168
0,0.5,0,1,0.21446228716596294
0,0.5,0,1,0.16738045233690269
0,0.5,0,1,0.12021895738764132
0,0.5,0,1,0.13196991813386205
0,0.5,0,1,0.14114819383057098
0,0.5,0,1,0.09511096081493675
0,0.5,0,1,0.05253127859479334
0,0.5,0,1,0.06424394970291236
0,0.5,0,1,0.07164553287280495
0,0.5,0,1,0.020393352537508402
0,0.5,0,1,-0.023188101486653068
0,0.5,0,1,-0.0059396908336579735
0,0.5,0,1,0.0056189000543809264
0,0.5,0,1,-0.03976528078274466
0,0.5,0,1,-0.08099690353460298
0,0.5,0,1,-0.06733296158019497
0,0.5,0,1,-0.05539262244205001
0,0.5,0,1,-0.09692024118957021
0,0.5,0,1,-0.1342991896280772
0,0.5,0,1,-0.11325401584567518
0,0.5,0,1,-0.09549774941989653
0,0.5,0,1,-0.1322709983952124
0,0.5,0,1,-0.16556888820567517
0,0.5,0,1,-0.14635851409022615
0,0.5,0,1,-0.1308873570844411
0,0.5,0,1,-0.1722372499412037
0,0.5,0,1,-0.20952661717982113
0,0.5,0,1,-0.19057468373217112
0,0.5,0,1,-0.1735386339438929
0,0.5,0,1,-0.21256608604231353
0,0.5,0,1,-0.24796165043218976
0,0.5,0,1,-0.2252362449030778
0,0.5,0,1,-0.20328589956472798
0,0.5,0,1,-0.23973191812679806
0,0.5,0,1,-0.2758969271091849
0,0.5,0,1,-0.25548893191476774
0,0.5,0,1,-0.237429667082941
0,0.5,0,1,-0.2660047363839084
0,0.5,0,1,-0.28276983118716625
0,0.5,0,1,-0.2421949936785659
0,0.5,0,1,-0.20390997279730794
0,0.5,0,1,-0.22338058853481435
0,0.5,0,1,-0.24059991781685808
0,0.5,0,1,-0.19987640443516685
0,0.5,0,1,-0.15774957437169346
0,0.5,0,1,-0.17439759490199536
0,0.5,0,1,-0.1878907089055697
0,0.5,0,1,-0.14264875342698935
0,0.5,0,1,-0.10354450615252353
0,0.5,0,1,-0.12312366632318561
0,0.5,0,1,-0.14152943830554432
0,0.5,0,1,-0.10083645357409088
0,0.5,0,1,-0.06533295485695123
0,0.5,0,1,-0.0885676249780174
0,0.5,0,1,-0.10405945187786392
0,0.5,0,1,-0.06092127220760846
0,0.5,0,1,-0.01995817632676622
0,0.5,0,1,-0.03684794060866792
0,0.5,0,1,-0.05021527569415629
0,0.5,0,1,-0.005111573250732526
0,0.5,0,1,0.04163858284937261
0,0.5,0,1,0.029104026548628203
0,0.5,0,1,0.01752360430315525
0,0.5,0,1,0.06536698455079204
0,0.5,0,1,0.10850040734556354
0,0.5,0,1,0.09346651609306611
0,0.5,0,1,0.08046398400606436
0,0.5,0,1,0.12382332416957897
0,0.5,0,1,0.16470312709247792
0,0.5,0,1,0.14653959826440155
0,0.5,0,1,0.13049575420567594
0,0.5,0,1,0.16935386443174782
0,0.5,0,1,0.20657863258786757
0,0.5,0,1,0.18560018349901353
0,0.5,0,1,0.16343162879045559
0,0.5,0,1,0.20120825454879787
0,0.5,0,1,0.23848351728044914
0,0.5,0,1,0.21600071503658946
0,0.5,0,1,0.1975162197492235
0,0.5,0,1,0.23565405185077748
0,0.5,0,1,0.2706414212967174
0,0.5,0,1,0.2503201419309746
0,0.5,0,1,0.23233770992484648
0,0.5,0,1,0.269694639103117
0,0.261915280877588,0,1,0.29996712165053374
0,0.24338351105223488,0,1,0.2708614676571459
0,0.22492446571580338,0,1,0.24152976200421916
0,0.20719472683441253,0,1,0.2717679765827501
0,0.19103262081211714,0,1,0.2999866687344972
0,0.176616027685073,0,1,0.2697502626828596
0,0.16386976719475044,0,1,0.24437286247019108
0,0.1532998858053718,0,1,0.27813853215869355
0,0.14555580071985297,0,1,0.30463279099150853
0,0.14058825037082645,0,1,0.2650322310558211
0,0.13743149590805892,0,1,0.2319688774220221
0,0.13489601707027976,0,1,0.26331551169821066
0,0.1324526910438255,0,1,0.2909428996127199
0,0.1303077799946557,0,1,0.2606654508791
0,0.1287485677689535,0,1,0.23328373644761036
0,0.12742265582576984,0,1,0.2643116005771251
0,0.12582582882881788,0,1,0.2914057235032099
0,0.12411089725110536,0,1,0.26045210813128605
0,0.12266911355871901,0,1,0.2339611949550977
0,0.12129376793197721,0,1,0.2656747872466678
0,0.11954646389249035,0,1,0.29227910722066275
0,0.11755910737334041,0,1,0.2609820336314437
0,0.11569594463948096,0,1,0.23519616583525527
0,0.11375177992202978,0,1,0.26744945616063487
0,0.11140023499560492,0,1,0.2948519562341967
0,0.10898663532589747,0,1,0.2647134927227093
0,0.10709447462798849,0,1,0.23825460879394678
0,0.10564744172473262,0,1,0.2674801609207482
0,0.10375043676361884,0,1,0.29374835644108743
0,0.10055296054747842,0,1,0.26191684612120136
0,0.09610105565623606,0,1,0.23793825393348267
0,0.09113614982327878,0,1,0.2721765653320074
0,0.08626529108384773,0,1,0.29730577595065344
0,0.08124265110809858,0,1,0.26321810773555865
0,0.07579808999494286,0,1,0.22999513979724107
0,0.07052030214628147,0,1,0.25574225304590525
0,0.06615219736622002,0,1,0.2792198972979536
0,0.0627449024147646,0,1,0.24430593733706019
0,0.05998422337982845,0,1,0.21254473784657169
0,0.058011333728988035,0,1,0.23917586899644938
0,0.05708879915431009,0,1,0.2617624764632531
0,0.05682074864046793,0,1,0.22642430908070277
0,0.05659117136377034,0,1,0.1955950409970546
0,0.05635559171372062,0,1,0.22331381310632104
0,0.0561611282218486,0,1,0.2491929316976691
0,0.05537610055169928,0,1,0.21766209077221754
0,0.053224238662326506,0,1,0.18676755338190176
0,0.04965588409983113,0,1,0.20990158952056204
0,0.045417256219840496,0,1,0.23055710837997934
0,0.04123897509782015,0,1,0.19477143617609483
0,0.03707717999953619,0,1,0.16137865776825278
0,0.03286748732148581,0,1,0.18341025015715462
0,0.02926454302119197,0,1,0.20317091996060133
0,0.026909446930877934,0,1,0.1631804020276595
0,0.025586011918393936,0,1,0.1265454471580405
0,0.024565289568240445,0,1,0.14743935922779894
0,0.02341574990976003,0,1,0.16611119984483902
0,0.022356623278335874,0,1,0.1264353342253881
0,0.021495978233096125,0,1,0.08819139368975581
0,0.020251027250030695,0,1,0.10760691176971626
0,0.01805054346159718,0,1,0.12585425830678676
0,0.015006662229054335,0,1,0.09073827916527133
0,0.01184087908995135,0,1,0.05692053789053042
0,0.009264403629657636,0,1,0.0790494529966641
0,0.007293299765654737,0,1,0.1001609854069827
0,0.005461819392036382,0,1,0.06174528702719417
0,0.003586023581693354,0,1,0.0270515860433429
0,0.0021673529712780137,0,1,0.050855702040589756
0,0.0017272781762986966,0,1,0.06876767059693334
0,0.0020703421867986904,0,1,0.029233753540153895
0,0.0027304416590405722,0,1,-0.009103614283461958
0,0.0036796616058563103,0,1,0.010877295587799596
0,0.004864357664344787,0,1,0.027644135309112583
0,0.00555127928376109,0,1,-0.014406289720703347
0,0.004943882183372494,0,1,-0.05173695110539467
0,0.0029691135857703443,0,1,-0.03294652406374432
0,0.0002666954503558472,0,1,-0.017306758330691396
0,-0.002526669077680843,0,1,-0.05698350638295424
0,-0.0054331291668532344,0,1,-0.09297270340549812
0,-0.008478307289975895,0,1,-0.07010310536094333
0,-0.010944701686643299,0,1,-0.05139768088715635
0,-0.01206527781369715,0,1,-0.08803968752520608
0,-0.011793837500835735,0,1,-0.11910556841261277
0,-0.010879187540992596,0,1,-0.09358491394816149
0,-0.010101435340999387,0,1,-0.06878008119246615
0,-0.0094787774515952,0,1,-0.1014727424518993
0,-0.00875946894519597,0,1,-0.13112177581722007
0,-0.008137649653860102,0,1,-0.10259735911696155
0,-0.007923152947286738,0,1,-0.0782914168820863
0,-0.007835599384298675,0,1,-0.11167594130710223
0,-0.0075791027580205395,0,1,-0.14684372131029244
0,-0.0074553704213267125,0,1,-0.12329297523804539
0,-0.007665504115470512,0,1,-0.10030965976524842
0,-0.007732010638938469,0,1,-0.13578092230719996
0,-0.007193429608136626,0,1,-0.1689141305877615
0,-0.006228226791981761,0,1,-0.14410464504305764
0,-0.005232696619390076,0,1,-0.12252567150193294
0,-0.004242082627264665,0,1,-0.16095649982245486
0,-0.002942069652115187,0,1,-0.19573100612620942
0,-0.0012598487228929756,0,1,-0.17127762879933672
0,0.0003492229180590556,0,1,-0.1498772557564807
0,0.0014328336264473052,0,1,-0.19111093122916167
0,0.0020976239672476638,0,1,-0.2294281087725829
0,0.0024543950240021317,0,1,-0.2089674799547918
0,0.002106966143927913,0,1,-0.19213873690473293
0,0.0006738650719597672,0,1,-0.2307174682995834
0,-0.0016718983276744481,0,1,-0.25878441649356687
0,-0.004292058735366311,0,1,-0.22903773366944447
0,-0.006569314624847777,0,1,-0.20786783915805662
0,-0.008385072315899578,0,1,-0.24560264971854662
0,-0.009658385002603076,0,1,-0.2801739066475968
0,-0.010093095162511112,0,1,-0.25720027266929324
0,-0.00966717133236461,0,1,-0.23851763283661231
0,-0.008858149545048377,0,1,-0.2728277793076084
0,-0.008153401076963718,0,1,-0.3029961706060287
0,-0.007551303215439731,0,1,-0.27586374668705016
0,-0.006901179657679002,0,1,-0.2510560930301504
0,-0.006365373155461818,0,1,-0.2849433646888213
0,-0.006108685074001308,0,1,-0.31889465154737695
0,-0.005855848131379737,0,1,-0.29451175195742074
0,-0.005317949863238525,0,1,-0.2736158783999514
0,-0.004636277681810519,0,1,-0.3091195306552006
0,-0.0039670926737516155,0,1,-0.3413087064048874
0,-0.0030442151033502896,0,1,-0.3152452327593285
0,-0.001588385372862433,0,1,-0.29394252617617456
0,0.00026567065449345506,0,1,-0.32737945627646825
0,0.0023441372463102184,0,1,-0.3549454119661435
0,0.004855934945214635,0,1,-0.3244872118115516
0,0.00802205535736178,0,1,-0.2998697338667029
0,0.011608458043618874,0,1,-0.3334471480645824
0,0.014718281313541581,0,1,-0.36408650448963975
0,0.01626183995372088,0,1,-0.3360075535722826
0,0.015844506371972322,0,1,-0.3084604400490123
0,0.013981953414740289,0,1,-0.3398578423842544
0,0.011430448282468753,0,1,-0.36733671119099665
0,0.008332139465513144,0,1,-0.335157613652199
0,0.004816975464134288,0,1,-0.3048514448697581
0,0.0018573072179002281,0,1,-0.3340379332967274
0,0.00044664160380936124,0,1,-0.3583913937347012
0,0.0006790338573248178,0,1,-0.3241501345885054
0,0.001945593122475664,0,1,-0.29312985999869445
0,0.0038056406456190572,0,1,-0.32044708973833
0,0.006431922379728228,0,1,-0.3446237949468014
0,0.009796595069222924,0,1,-0.31182562211381915
0,0.013232025703316275,0,1,-0.2824124267118846
0,0.016258069022589083,0,1,-0.30844267636781697
0,0.01919126104628166,0,1,-0.33067058929699145
0,0.022347740597670196,0,1,-0.29109405787471987
0,0.02514729253099901,0,1,-0.2559749451210427
0,0.026773128536577318,0,1,-0.28039888847172967
0,0.027060055734284383,0,1,-0.2996917648104538
0,0.026372175532688225,0,1,-0.2631076765272744
0,0.024993915863877447,0,1,-0.2308812100116613
0,0.02294198590886687,0,1,-0.2570236176182228
0,0.020418348311150858,0,1,-0.2805623418158556
0,0.01763368004984045,0,1,-0.24825599589991287
0,0.014357839709776776,0,1,-0.21921775213038663
0,0.010360569559773047,0,1,-0.24886100092328234
0,0.005916940121353242,0,1,-0.27522433486789755
0,0.0013283896315927635,0,1,-0.24666882471812435
0,-0.003537527477378788,0,1,-0.22068627769995852
0,-0.008689079358990881,0,1,-0.25392200845402946
0,-0.013500209542744557,0,1,-0.28440194999895896
0,-0.017485576251950796,0,1,-0.25334407781304114
0,-0.020855540812140028,0,1,-0.2251454142578766
0,-0.023734774390515412,0,1,-0.25907460311215824
0,-0.02562259531672506,0,1,-0.2894746830076229
0,-0.02617461824169265,0,1,-0.2578826852608831
0,-0.02570017413955572,0,1,-0.22950488511805278
0,-0.024373999721779782,0,1,-0.2618963341193674
0,-0.021752632702752628,0,1,-0.29061793870246944
0,-0.017567766633929338,0,1,-0.25985146356072564
0,-0.012254825206833964,0,1,-0.23513058360968087
0,-0.006775862520187914,0,1,-0.26886645582749247
0,-0.002107198687184564,0,1,-0.2994608341076075
0,0.0013033824045542985,0,1,-0.267575801919135
0,0.0037208282507519286,0,1,-0.2388071753386498
0,0.005644219579638232,0,1,-0.2739850803857329
0,0.007107096075812613,0,1,-0.30594649600910384
0,0.008148014838970319,0,1,-0.2811457431014892
0,0.009223606765207393,0,1,-0.2590252760965017
0,0.010620278587952114,0,1,-0.2940667750671484
0,0.011999808192292072,0,1,-0.32581790068935
0,0.013207435957860447,0,1,-0.3008073885725946
0,0.01473713652518871,0,1,-0.2787317524668067
0,0.01691445860132834,0,1,-0.3122825240096523
0,0.019372979492733755,0,1,-0.342554523418813
0,0.021769586136035635,0,1,-0.31569781506917693
0,0.024303817953057916,0,1,-0.29154961155158077
0,0.027009408039697647,0,1,-0.3262443295910278
0,0.029304239993856562,0,1,-0.3577673631000984
0,0.03080751726782971,0,1,-0.32973563668786277
0,0.031785959241253714,0,1,-0.3046528066361991
0,0.032332126411183104,0,1,-0.3390933973029875
0,0.03192756833395016,0,1,-0.37011186935845153
0,0.030273669148196625,0,1,-0.3419801098658741
0,0.027767761602083496,0,1,-0.31902843333333264
0,0.025268484314849182,0,1,-0.35207666712459895
0,0.023642752139264367,0,1,-0.38126390817179767
0,0.02329632633346268,0,1,-0.3498166193144643
0,0.023946379095414194,0,1,-0.32174627239566544
0,0.0250248241442792,0,1,-0.3548744073933314
0,0.02641499351713339,0,1,-0.3850072287148123
0,0.02807313571201142,0,1,-0.35991054094403974
0,0.02961372340252222,0,1,-0.33634145212561584
0,0.030816792594258402,0,1,-0.3680335117680653
0,0.03202365524338813,0,1,-0.3954125021522179
0,0.033339700591728416,0,1,-0.36585599609257624
0,0.034233461661211884,0,1,-0.3393061850761767
0,0.034375886652662224,0,1,-0.3689041315713377
0,0.034079133307777454,0,1,-0.3952255500414319
0,0.03346041240253328,0,1,-0.3659690535505742
0,0.03200491762499702,0,1,-0.33952477147783355
0,0.029408278659668774,0,1,-0.3679493866104919
0,0.02618918273538462,0,1,-0.3933938547157205
0,0.02296284640877566,0,1,-0.3573871338643124
0,0.01951053441742978,0,1,-0.3249357641438213
0,0.015329448210497532,0,1,-0.3517182074805425
0,0.010539014834074045,0,1,-0.373681104086492
0,0.005857336426263515,0,1,-0.3391819375472005
0,0.0019839044584264443,0,1,-0.3073663451204318
0,-0.0010160843111268747,0,1,-0.33396667024392324
0,-0.0033010955944643428,0,1,-0.3603796959616201
0,-0.004658830131552882,0,1,-0.3275417485666847
0,-0.004863528360106173,0,1,-0.30007536092305886
0,-0.004107780992930188,0,1,-0.3326802706187473
0,-0.0030511927052856436,0,1,-0.3592550890831574
0,-0.0023480322064255432,0,1,-0.3292284304044877
0,-0.0022263052063031807,0,1,-0.305448777750696
0,-0.0024594167786506915,0,1,-0.3393439624067325
0,-0.002810398952563631,0,1,-0.37138475536240656
0,-0.0034628069602424816,0,1,-0.3458899371607085
0,-0.004616136394846038,0,1,-0.3232818449473449
0,-0.0060682175733104415,0,1,-0.356389884459702
0,-0.0076079790946552706,0,1,-0.38918577318878267
0,-0.00940361391117861,0,1,-0.36324295682000396
0,-0.011352622129961354,0,1,-0.3399530907174495
0,-0.012716573863020386,0,1,-0.3748240851878155
0,-0.01295747340968223,0,1,-0.40339661760687284
0,-0.012430235895823039,0,1,-0.374671190531243
0,-0.011960949021467826,0,1,-0.3487366116353894
0,-0.011948934471934791,0,1,-0.37948619369710435
0,-0.011951846986644199,0,1,-0.4064575023313268
0,-0.011529876879732726,0,1,-0.37004987712538195
0,-0.011174161368156632,0,1,-0.3379024420435677
0,-0.011676190286172172,0,1,-0.3667915757054889
0,-0.01318283435037948,0,1,-0.3902173088341876
0,-0.014930436267976965,0,1,-0.35657340865316645
0,-0.015840643611613636,0,1,-0.32707884266979304
0,-0.015481070216258885,0,1,-0.35251247753633375
0,-0.014294152547409844,0,1,-0.3757435560218432
0,-0.012977369676887562,0,1,-0.3415639945831568
0,-0.01159827390139867,0,1,-0.31047024258223366
0,-0.009941927677249218,0,1,-0.3389463101075443
0,-0.008386161614428289,0,1,-0.36473325953624136
0,-0.0075298457219039605,0,1,-0.32998485105337605
0,-0.007341030309419239,0,1,-0.29859505587346113
0,-0.007518132012676482,0,1,-0.3282987020632404
0,-0.008224403015066883,0,1,-0.353923335635713
0,-0.009679547589449555,0,1,-0.32345789788305024
0,-0.011683586359535703,0,1,-0.2977985943500636
0,-0.013566261006865865,0,1,-0.32816843788657013
0,-0.01465070828424686,0,1,-0.35746797025896604
0,-0.014736338756096146,0,1,-0.3304451169862739
0,-0.01404749206007061,0,1,-0.3060532071141997
0,-0.012830021886124143,0,1,-0.3426624950563546
0,-0.010908940640195652,0,1,-0.3763662124264382
0,-0.008189804748701235,0,1,-0.3516076158604955
0,-0.00504809045580501,0,1,-0.32974033054768737
0,-0.001702599210725353,0,1,-0.36340360300564645
0,0.0021924455794959385,0,1,-0.38965391342786826
0,0.006747357491619255,0,1,-0.3568641921080662
0,0.011412971267836802,0,1,-0.32800330626311247
0,0.015557159473191362,0,1,-0.3570823497344551
0,0.018922950536387262,0,1,-0.3833469708496595
0,0.021670675821721552,0,1,-0.35132128612216373
0,0.02397716336733957,0,1,-0.32663717097431744
0,0.025661465407624817,0,1,-0.35933559717380104
0,0.02673702180579962,0,1,-0.38829453033851635
0,0.027838240213866605,0,1,-0.3593636787505001
0,0.02933241112302465,0,1,-0.3308074712203011
0,0.0307206099954227,0,1,-0.36043344134773814
0,0.03147536578580734,0,1,-0.38498092097191905
0,0.03191769299497427,0,1,-0.3517349097364011
0,0.032571375031284155,0,1,-0.32092149421711125
0,0.0332623400516594,0,1,-0.3485168411794404
0,0.03359941568836611,0,1,-0.3728900629290899
0,0.033827851343099624,0,1,-0.33926531578470676
0,0.03448008625451404,0,1,-0.3093647663568444
0,0.035465946702100126,0,1,-0.33699599988436946
0,0.035917255775398615,0,1,-0.36216853394801984
0,0.03506907061559872,0,1,-0.32680411714786306
0,0.033109517430871094,0,1,-0.2957852395286189
0,0.030952636742076933,0,1,-0.32310092357629805
0,0.02936536000240597,0,1,-0.34599654159188065
0,0.02844957197706055,0,1,-0.31133530045680047
0,0.027849841031342137,0,1,-0.27984982779243417
0,0.027203834014491335,0,1,-0.30895994951688666
0,0.0266019308856551,0,1,-0.3353222908631295
0,0.02615976953536947,0,1,-0.30488946833805475
0,0.025594826758179146,0,1,-0.2779502596028025
0,0.024631426309074556,0,1,-0.30933705108621123
0,0.023447940206646756,0,1,-0.3372562295291621
0,0.02223333449807985,0,1,-0.31167984340135946
0,0.02079351671447327,0,1,-0.2886783176021377
0,0.019110669185268492,0,1,-0.3220305720532499
0,0.017787790192675068,0,1,-0.3525799092356656
0,0.01723207079138067,0,1,-0.32539635715517656
0,0.017157348884309087,0,1,-0.30229167029402615
0,0.016893970235234868,0,1,-0.33377399380378425
0,0.015870727110934624,0,1,-0.36208983310837084
0,0.014011071830797306,0,1,-0.33256899705513643
0,0.011931492507962105,0,1,-0.3069752949896949
0,0.010501596070168873,0,1,-0.3382801995485807
0,0.009935437283622228,0,1,-0.3612057557675761
0,0.009546509847070617,0,1,-0.3276780330873992
0,0.008357038260511374,0,1,-0.30044712760893333
0,0.006047565039537517,0,1,-0.3294850777801748
0,0.0031650456714231723,0,1,-0.35607799466643675
0,0.0004900610950002715,0,1,-0.324988744621973
0,-0.001831564945262265,0,1,-0.29709276193708645
0,-0.003913418889597509,0,1,-0.32762600013599674
0,-0.005273010408063605,0,1,-0.3553589722524231
0,-0.0052265724792430746,0,1,-0.3243633621432893
0,-0.0037734964137792204,0,1,-0.2947896279786131
0,-0.0018122640965181347,0,1,-0.3246067004067119
0,-0.0002712147368288953,0,1,-0.3499432158472837
0,0.0008167529228266801,0,1,-0.31740677858877064
0,0.0021305128434514486,0,1,-0.2877154803361288
0,0.004183468074717922,0,1,-0.31592224361094856
0,0.006817641893068327,0,1,-0.34212921860775314
0,0.009398200961953762,0,1,-0.30902853581158496
0,0.011275074134199592,0,1,-0.2810201700386896
0,0.012265351285842385,0,1,-0.3116686234498598
0,0.012854222044438757,0,1,-0.3393092779537279
0,0.013722380052137773,0,1,-0.3083910481648673
0,0.014885479747427155,0,1,-0.27962506786323416
0,0.015762695309875063,0,1,-0.30943429266135913
0,0.016057253205410404,0,1,-0.3343640891623294
0,0.016317003500940785,0,1,-0.3011391986849714
0,0.017118453426561153,0,1,-0.27051093536861104
0,0.018191407814131644,0,1,-0.29954880029381803
0,0.018854698865006903,0,1,-0.3239864389820719
0,0.01890060631023882,0,1,-0.2883235760866827
0,0.018798450333376238,0,1,-0.255693683850305
0,0.018867363817020255,0,1,-0.28309268710910684
0,0.01880410501842178,0,1,-0.30705538531536414
0,0.01848233750310868,0,1,-0.2719374482875796
0,0.018423443422673103,0,1,-0.24001525174736393
0,0.01899515784974337,0,1,-0.26591806061163115
0,0.01993176557224441,0,1,-0.28825184246549895
0,0.021065138799532868,0,1,-0.2546533274948286
0,0.02279014442784888,0,1,-0.22394111773105796
0,0.02533040802488884,0,1,-0.2459853691289644
0,0.02815031646588828,0,1,-0.26543304784249333
0,0.030724743192791948,0,1,-0.22774557313126675
0,0.033382877943473055,0,1,-0.19273213937245992
0,0.03653355026244043,0,1,-0.21261692498854345
0,0.039824538090240225,0,1,-0.22998330234721487
0,0.04249534541901934,0,1,-0.1890064530284945
0,0.04425796860078979,0,1,-0.1471074728388737
0,0.04555381955279625,0,1,-0.1651528460637286
0,0.04678923036536986,0,1,-0.18212185352650012
0,0.04768790730994432,0,1,-0.14062422975865907
0,0.04779625747784699,0,1,-0.10270199854131423
0,0.047234937820713974,0,1,-0.12337286968794747
0,0.04616845444807183,0,1,-0.14394030498977317
0,0.04419253349425123,0,1,-0.10609870831253798
0,0.04088048517079912,0,1,-0.0717968881883293
0,0.03643637576753189,0,1,-0.09372184521293803
0,0.03177887274173319,0,1,-0.11269234454003985
0,0.027898832119951145,0,1,-0.07536481865473044
0,0.02506219445916269,0,1,-0.041182310110594145
0,0.022755573499231296,0,1,-0.06497146740107196
0,0.020445743568183516,0,1,-0.08423288153355513
0,0.018309785484359686,0,1,-0.044830167386434194
0,0.016540290812927516,0,1,-0.0038403103725879184
0,0.014618726206668597,0,1,-0.022086585713094742
0,0.012022406874284464,0,1,-0.03954203869871309
0,0.008959063713188442,0,1,0.0027151085422982835
0,0.0063146999502796675,0,1,0.041663354018237175
0,0.004924309171101093,0,1,0.02290303732153376
0,0.004944189795756948,0,1,0.004757823192444333
0,0.005838862097307995,0,1,0.044855831899542675
0,0.007070077597200353,0,1,0.08528762776044796
0,0.008693613534201283,0,1,0.06797935439099678
0,0.010771390462005925,0,1,0.0580822300927335
0,0.012777294113162085,0,1,0.09444435853585809
0,0.0141915939160695,0,1,0.1144877114920071
0,0.015138848202359334,0,1,0.07637963401791614
0,0.015670409295022836,0,1,0.043243640867017596
0,0.015141433445994501,0,1,0.06762309079804885
0,0.012886262674348892,0,1,0.087689848479233
0,0.008923468455435568,0,1,0.051417882661059844
0,0.003908751678448397,0,1,0.018677297487226907
0,-0.001518005697626279,0,1,0.043909742088609205
0,-0.007386134889808105,0,1,0.06690013978054465
0,-0.01376440450505978,0,1,0.038405704334069535
0,-0.020131596348248237,0,1,0.013196449988955194
0,-0.025836850702620318,0,1,0.04157619670666035
0,-0.03075614977082264,0,1,0.06605357534709722
0,-0.03478144852679321,0,1,0.031709456557075244
0,-0.0371158989380751,0,1,-0.0008165234858306114
0,-0.03692861042673723,0,1,0.025995240009035303
0,-0.03409537452252298,0,1,0.052074844205250326
0,-0.029238035407899154,0,1,0.017890241722938294
0,-0.02368110725038708,0,1,-0.012238764363531551
0,-0.018760066333837422,0,1,0.017593266027524646
0,-0.015068276476611686,0,1,0.04154874041287382
0,-0.012459676676353837,0,1,0.00669776170898384
0,-0.010758723859030539,0,1,-0.024416093345456247
0,-0.010351274346738215,0,1,0.0023575841570577794
0,-0.011544461573418374,0,1,0.02157986970460879
0,-0.01394948861538392,0,1,-0.01818987736183142
0,-0.016545511024619763,0,1,-0.050474988086409045
0,-0.01842795139614939,0,1,-0.026557202603596064
0,-0.019387214597699653,0,1,-0.011025388013182758
0,-0.019909095104294394,0,1,-0.051881368489309576
0,-0.020498907667626298,0,1,-0.08814897724501392
0,-0.02098346271376439,0,1,-0.06607389057903879
0,-0.02122192582481386,0,1,-0.04268417324393514
0,-0.02176492091414506,0,1,-0.07779546687013172
0,-0.023186490667550075,0,1,-0.11101167281273505
0,-0.025299919780268354,0,1,-0.08972102210805755
0,-0.027190741954040476,0,1,-0.07125685497841339
0,-0.027980028636258147,0,1,-0.10656976418909614
0,-0.027540079281056506,0,1,-0.14014871003164853
0,-0.026482096986833348,0,1,-0.11602813949233526
0,-0.02532470398446307,0,1,-0.08991276087109634
0,-0.023842625113273286,0,1,-0.12155200148265366
0,-0.021781977591605717,0,1,-0.15105528956276815
0,-0.019610147259853328,0,1,-0.12217228345037556
0,-0.01781977304648752,0,1,-0.09319005690494864
0,-0.016175532921586466,0,1,-0.12193705176112335
0,-0.014415265929319077,0,1,-0.14680258946245006
0,-0.012998279009071467,0,1,-0.11335088532685655
0,-0.012408579547562582,0,1,-0.08153156927391203
0,-0.012409323228127711,0,1,-0.10741628152442728
0,-0.012738648182424761,0,1,-0.12778711302544488
0,-0.013846974642974352,0,1,-0.08990243950036803
0,-0.016208022912535647,0,1,-0.0552874798145877
0,-0.01953253826672796,0,1,-0.08272070809836052
0,-0.022813168385801497,0,1,-0.10657836373024887
0,-0.02507564830095177,0,1,-0.06825756835366259
0,-0.026072106461086264,0,1,-0.03251652556094542
0,-0.0262347154450433,0,1,-0.055211608457743644
0,-0.026016674516641913,0,1,-0.07796515700568385
0,-0.025250271070877517,0,1,-0.042703166032662665
0,-0.023761295485235756,0,1,-0.01188601396636546
0,-0.02200453203784747,0,1,-0.03971482533039694
0,-0.020460476691719798,0,1,-0.06370430908945734
0,-0.018989000576582704,0,1,-0.030315841806174637
0,-0.017424162737911253,0,1,-0.00536045678786734
0,-0.016222955919993787,0,1,-0.03715124863112673
0,-0.015880251374802867,0,1,-0.06369744907577934
0,-0.016196333661050666,0,1,-0.03394021665906566
0,-0.016570519121196448,0,1,-0.00582733336168384
0,-0.016682251534295034,0,1,-0.035328445017541954
0,-0.016894380959427302,0,1,-0.061680686500054094
0,-0.01757422925511598,0,1,-0.03022623110973277
0,-0.01843282099890775,0,1,-0.0017275915300025702
0,-0.0191819008942824,0,1,-0.030697534135901927
0,-0.020187945530276252,0,1,-0.0563032342032308
0,-0.021814143411021725,0,1,-0.025574360856649214
0,-0.02375990524969307,0,1,0.0012915203281858023
0,-0.025613984832629555,0,1,-0.026511346462898544
0,-0.027475930035516072,0,1,-0.05051696899843594
0,-0.029442085123143613,0,1,-0.014070967317130867
0,-0.030888494207144568,0,1,0.019625797925581834
0,-0.031122835778348623,0,1,-0.00523745449739299
0,-0.03013138460731213,0,1,-0.030887974830514864
0,-0.02859929580037779,0,1,0.0015815036294262175
0,-0.02719013265315695,0,1,0.036156871613094
0,-0.02591087683273674,0,1,0.012800888614225236
0,-0.024486904395899955,0,1,-0.006264729497160726
0,-0.022997148178022897,0,1,0.03263466243197599
0,-0.021547757671528167,0,1,0.06890793226554903
0,-0.01961327937386148,0,1,0.04720969617686266
0,-0.01671309856927472,0,1,0.026644554313096647
0,-0.013105023442849806,0,1,0.06683700281338467
0,-0.009775681619490051,0,1,0.10352506030255659
0,-0.007685709235037308,0,1,0.07941712087809005
0,-0.007065244763886369,0,1,0.05931060431821633
0,-0.007481747737085875,0,1,0.09752181574410002
0,-0.008484277382779126,0,1,0.13416585219518562
0,-0.010209971324894873,0,1,0.11307320434692292
0,-0.012814520594426781,0,1,0.09704852813795739
0,-0.015887223199072764,0,1,0.1391576878487868
0,-0.019000785209236426,0,1,0.17859445662048534
0,-0.02228798144119981,0,1,0.16037668127860183
0,-0.0258983798519985,0,1,0.146822099979941
0,-0.029451646536882592,0,1,0.1764943365892988
0,-0.032604183125775954,0,1,0.19188048934550506
0,-0.03561428454576809,0,1,0.14887186023338095
0,-0.038611613440502346,0,1,0.10819937733119844
0,-0.0410381143123848,0,1,0.1253633484586718
0,-0.04235870126952257,0,1,0.14037039338072366
0,-0.04268750159732271,0,1,0.09834357290341145
0,-0.04232298256515854,0,1,0.058195986560743984
0,-0.0411701937533131,0,1,0.0760669248244874
0,-0.03915075644467869,0,1,0.09294828749372286
0,-0.03680035900796419,0,1,0.05120807065737365
0,-0.03459257390818404,0,1,0.011359127690011794
0,-0.03232243310094507,0,1,0.02964912801926256
0,-0.029744913707250298,0,1,0.04523194634662597
0,-0.027232378104998567,0,1,0.002470799897615894
0,-0.025127288721677132,0,1,-0.03639227547733803
0,-0.023093728311093464,0,1,-0.017146173258729247
0,-0.020724692143921253,0,1,-0.002264694334539241
0,-0.018230484394733182,0,1,-0.045466215670695975
0,-0.015823030539399596,0,1,-0.08297766719791277
0,-0.013040147314049122,0,1,-0.06247642325620917
0,-0.00931962450544166,0,1,-0.04818055767592333
0,-0.004769383332797972,0,1,-0.09083940422975378
0,-0.00021620261460064683,0,1,-0.13040123330738718
0,0.0034464262231068687,0,1,-0.11229309952115085
0,0.006049488344196163,0,1,-0.0961440423358988
0,0.008220651839207171,0,1,-0.13863579928012526
0,0.010615424523400918,0,1,-0.17553310548535883
0,0.01310083720753319,0,1,-0.15379120571613436
0,0.01484046645432624,0,1,-0.13474117029113497
0,0.015099212607498025,0,1,-0.17489898146711624
0,0.013851491487477219,0,1,-0.21459481093804644
0,0.011657767661411356,0,1,-0.19519937325162662
0,0.009095455337144287,0,1,-0.17930697650514982
0,0.006232520296019395,0,1,-0.21532846100886838
0,0.003113591081199907,0,1,-0.24387106665843095
0,0.00027919650353158687,0,1,-0.21367750128420449
0,-0.001713331311559152,0,1,-0.1875207679612103
0,-0.0028255651851329944,0,1,-0.21975839508924788
0,-0.003254241465049823,0,1,-0.2502950748245347
0,-0.0029263227970739436,0,1,-0.2229898937429704
0,-0.0018328166051091443,0,1,-0.2007995731205381
0,-0.000505333485752324,0,1,-0.2366789999603025
0,0.0005600944516803708,0,1,-0.26869572136103703
0,0.001421900556583644,0,1,-0.24327826655273577
0,0.002123308461393414,0,1,-0.22308176255112122
0,0.002186126716983594,0,1,-0.2607322447687692
0,0.0011182399085889472,0,1,-0.2959049545028132
0,-0.001045067452074555,0,1,-0.2705777880396716
0,-0.0035672069632468606,0,1,-0.24902403360204928
0,-0.005490710383059927,0,1,-0.2877931810030132
0,-0.006531180537339587,0,1,-0.32193306149477485
0,-0.007272378554207037,0,1,-0.2978717354834892
0,-0.008324489575761262,0,1,-0.2760988134634146
0,-0.009448274980093707,0,1,-0.31310156891571017
0,-0.009965257865176547,0,1,-0.3449919554215104
0,-0.00966092250090167,0,1,-0.3166625935543472
0,-0.009129452913416713,0,1,-0.291930467776345
0,-0.008906519011555147,0,1,-0.3232257837224324
0,-0.0087408845713135,0,1,-0.3509880232082372
0,-0.008405854469322627,0,1,-0.3212176266896112
0,-0.008560132863731695,0,1,-0.2952356822083857
0,-0.00992673735008065,0,1,-0.32262607249705577
0,-0.012383668399788661,0,1,-0.3429778630802651
0,-0.014893927326072642,0,1,-0.3074305474062058
0,-0.016393354492346468,0,1,-0.27491122956876723
0,-0.016730192997259863,0,1,-0.30033657597068975
0,-0.01644630041754791,0,1,-0.32152951123690143
0,-0.015905428667768895,0,1,-0.28713057719626844
0,-0.014860019163211113,0,1,-0.2553347349181041
0,-0.013249989624850578,0,1,-0.27572288909782383
0,-0.01179356966045031,0,1,-0.2942367422275356
0,-0.011194372856756729,0,1,-0.2563352750814134
0,-0.011228800168775699,0,1,-0.2251115448532761
0,-0.010943841689990741,0,1,-0.25104708163428247
0,-0.00952857393967399,0,1,-0.2699351037879878
0,-0.007032587112056454,0,1,-0.23351791689841384
0,-0.004173868687133542,0,1,-0.20104003126329384
0,-0.001498386638856708,0,1,-0.22002432897983448
0,0.001211715026425253,0,1,-0.23594099940647828
0,0.004170986179429015,0,1,-0.19758350787250323
0,0.006817585667507231,0,1,-0.16207394259744445
0,0.008557936331412108,0,1,-0.17988050269752298
0,0.00951436296000896,0,1,-0.1937929213809686
0,0.009825328323597837,0,1,-0.14900393095470021
0,0.009072919173397587,0,1,-0.10692043070673884
0,0.007029139743377932,0,1,-0.12230915700403533
0,0.004169175172706652,0,1,-0.13452674659653185
0,0.0009532072563258609,0,1,-0.08566131002214972
0,-0.002930648347755138,0,1,-0.0395040133354545
0,-0.007852049215360424,0,1,-0.05143081709978636
0,-0.013475505404665356,0,1,-0.0626741945051632
0,-0.018778412242876463,0,1,-0.014844910089174546
0,-0.02278136799694508,0,1,0.03220548733697459
0,-0.02525806915878004,0,1,0.01950425560170821
0,-0.026753039594010986,0,1,0.010212619387647281
0,-0.027869733039037392,0,1,0.05185268713588953
0,-0.028569963836655,0,1,0.08488605868737098
0,-0.028757866807753274,0,1,0.05970569787911484
0,-0.02900526265513914,0,1,0.03828913217921914
0,-0.02992749318115351,0,1,0.0711848865273701
0,-0.03142749571506709,0,1,0.09825542231131679
0,-0.03262167748175937,0,1,0.06938543042013401
0,-0.03260597983227509,0,1,0.04204477513809479
0,-0.031269533660751136,0,1,0.0710161129657465
0,-0.029231201179154453,0,1,0.09740993888610272
0,-0.027102696443466634,0,1,0.06419608978364355
0,-0.024746458920946957,0,1,0.03342511458892772
0,-0.021963284568618846,0,1,0.059283157133174225
0,-0.01920096037912966,0,1,0.08190811830753719
0,-0.016890134063745954,0,1,0.04558768877858088
0,-0.014725481629052517,0,1,0.012335706238582489
0,-0.012356158722806931,0,1,0.03367552910992577
0,-0.010075138471335343,0,1,0.05266838977984323
0,-0.008230283966220497,0,1,0.013739466333240857
0,-0.006502761635959864,0,1,-0.022263657789007407
0,-0.0045174481961192114,0,1,0.0019262838897060597
0,-0.002582831514208017,0,1,0.02285604467269886
0,-0.001042988977359549,0,1,-0.011741044580203752
0,0.00037657868077722867,0,1,-0.04389273567117735
0,0.0019990053723271117,0,1,-0.016952755987986068
0,0.003494651499842405,0,1,0.007121503104074112
0,0.004481028334363479,0,1,-0.030422723903510418
0,0.005247847991338261,0,1,-0.0644513455304081
0,0.006106774221643185,0,1,-0.043067843261860306
0,0.006771804676084514,0,1,-0.024268437993719694
0,0.006963010257327262,0,1,-0.062177833988487086
0,0.007059031190385312,0,1,-0.09689995608770618
0,0.007425287997417485,0,1,-0.07458659787390154
0,0.007766008564797033,0,1,-0.05510244403934084
0,0.007811147391419304,0,1,-0.0921841078054233
0,0.0079560804932024,0,1,-0.12621591680969102
0,0.008580056175210515,0,1,-0.10056471449436644
0,0.009294644852661627,0,1,-0.07812868493918312
0,0.009657919066019538,0,1,-0.11068118990580311
0,0.00990721024661756,0,1,-0.14067468394780103
0,0.010389122621759839,0,1,-0.11243545348809403
0,0.010795662934590666,0,1,-0.08708686528825682
0,0.010697253365832715,0,1,-0.12163256248564047
0,0.010309739232750914,0,1,-0.15327237919600933
0,0.009951583360536809,0,1,-0.12379015592936882
0,0.009289103317206227,0,1,-0.09755921311889093
0,0.007866596830126582,0,1,-0.1329869959501988
0,0.005876406702440384,0,1,-0.1650340579711418
0,0.003928071036283676,0,1,-0.13870832223547214
0,0.002361815036008963,0,1,-0.11382814444962808
0,0.0008173307431906807,0,1,-0.14774452981540076
0,-0.0011461693414105412,0,1,-0.17693972634872956
0,-0.0033145665499221266,0,1,-0.1477764645317805
0,-0.005305645411509019,0,1,-0.1261851806455594
0,-0.007283440996702417,0,1,-0.16264849951862326
0,-0.009426148612854846,0,1,-0.19692160923781366
0,-0.011345562366679829,0,1,-0.1735799104303104
0,-0.012633237729303026,0,1,-0.15329970231602297
0,-0.013424201473606345,0,1,-0.19124539613212055
0,-0.013865820357057856,0,1,-0.23150669931561585
0,-0.013577669455777652,0,1,-0.21271227691087913
0,-0.012340816031412238,0,1,-0.19248917950092692
0,-0.010605858851764793,0,1,-0.22892226939887306
0,-0.00875261351679324,0,1,-0.2619057767357773
0,-0.006563857937539552,0,1,-0.2364647474257231
0,-0.003995557842348063,0,1,-0.2179001479295417
0,-0.0016623362290406618,0,1,-0.252388830925667
0,-6.581356512036507e-05,0,1,-0.27283352633541735
0,0.001120820304823411,0,1,-0.234943368489275
0,0.0022496204028792377,0,1,-0.20038269687825072
0,0.002849541692911295,0,1,-0.22348137818105251
0,0.002419613996698544,0,1,-0.2422600220679918
0,0.001285479495521713,0,1,-0.2047294957034611
0,0.00015574504833715253,0,1,-0.16858939373616422
0,-0.0007466080451692392,0,1,-0.18617819988282647
0,-0.001968850797376298,0,1,-0.20136998586326227
0,-0.004044631666397791,0,1,-0.15860832287763205
0,-0.006654120266230912,0,1,-0.12043128718058327
0,-0.008965689724967696,0,1,-0.13918004146999396
0,-0.010443442713755857,0,1,-0.15401978579261644
0,-0.011209827211645873,0,1,-0.11066248085681174
0,-0.011349990566946744,0,1,-0.07016894711303423
0,-0.010440535216241997,0,1,-0.08749347049543488
0,-0.008189323219590428,0,1,-0.10300764222659442
0,-0.004993953034905019,0,1,-0.06369210915246137
0,-0.0018826009720731562,0,1,-0.02632829714157947
0,0.00012511842761764314,0,1,-0.04637705043328744
0,0.0007413092228309992,0,1,-0.06165286199523079
0,0.0004428352457344076,0,1,-0.019383108937295557
0,-0.00021008454845627966,0,1,0.01885281004804118
0,-0.001296927735618958,0,1,-0.0013201294373474948
0,-0.002888274000343749,0,1,-0.019131966458324712
0,-0.004358927586198824,0,1,0.020451039374370206
0,-0.005027903657103927,0,1,0.05803137576554973
0,-0.004917417645136979,0,1,0.04196338696064417
0,-0.004714329637845793,0,1,0.027345192594363077
0,-0.005107420253302131,0,1,0.06862658119388221
0,-0.006055626883568088,0,1,0.10922939182584579
0,-0.006811121232994211,0,1,0.09125599219697844
0,-0.006646016962535306,0,1,0.07557750589990375
0,-0.005525923464864135,0,1,0.11621397156499413
0,-0.004133471544148115,0,1,0.15421666885961915
0,-0.0032421707752146034,0,1,0.13534111156333029
0,-0.002914104509190274,0,1,0.11844021215096112
0,-0.0024179492715585837,0,1,0.16013698877198768
0,-0.0010200431162097345,0,1,0.19693597910470073
0,0.0011996663886257863,0,1,0.17637289170537152
0,0.0034334363332959583,0,1,0.15899014001976353
0,0.004960902571540693,0,1,0.19871300698689298
0,0.005766330410923892,0,1,0.23515555699195945
0,0.006397741493394449,0,1,0.2125185737489712
0,0.007404889393480829,0,1,0.19669403045497846
0,0.008800907930862856,0,1,0.23071720309361976
0,0.010035887824749956,0,1,0.24935345280553123
0,0.01056335527801533,0,1,0.21197604626428102
0,0.010347938792023115,0,1,0.18237672752046818
0,0.009902281744937014,0,1,0.21022176834904238
0,0.009756288408453884,0,1,0.23355220232926155
0,0.009921598420179478,0,1,0.1998075747991661
0,0.010374243152263318,0,1,0.17212204293251943
0,0.011443655838092148,0,1,0.20103368473006622
0,0.013240436390009158,0,1,0.22787774308348285
0,0.01524170791598145,0,1,0.19658518178989004
0,0.017084879160292665,0,1,0.1648085665070791
0,0.019176495973469265,0,1,0.19125590301602857
0,0.02193510626663464,0,1,0.21367875035157957
0,0.025001256458339505,0,1,0.178347844533413
0,0.027738794251507493,0,1,0.14523209650034863
0,0.030021373652683536,0,1,0.16938601209019222
0,0.03174911825445559,0,1,0.1912964726877524
0,0.0322878993283231,0,1,0.1547091397049769
0,0.03121893328859837,0,1,0.11691367649030648
0,0.02891383229070499,0,1,0.1374001658201942
0,0.02599598203605069,0,1,0.1557000929804968
0,0.02259809948873137,0,1,0.11560959715149854
0,0.01874705813714872,0,1,0.07718842441508289
0,0.015111189227239308,0,1,0.09784246497126303
0,0.012406374048487656,0,1,0.11561908742996896
0,0.010638541010061786,0,1,0.07383538754388863
0,0.009380770761080015,0,1,0.036272991607406935
0,0.008525207145656744,0,1,0.057256507900658615
0,0.008265539633552699,0,1,0.07272100815954974
0,0.008441056864078256,0,1,0.030448359582736728
0,0.008826513432492078,0,1,-0.004827220736131066
0,0.009860814563050546,0,1,0.017043866546965658
0,0.012008706516693834,0,1,0.03856190088203659
0,0.01500580535284346,0,1,0.005081085860709322
0,0.017909910661205508,0,1,-0.026622525460821
0,0.01978723998596177,0,1,-0.00025166755113747996
0,0.020474150008558567,0,1,0.020228696856701367
0,0.02056478400759154,0,1,-0.017207923470414555
0,0.02071052226079928,0,1,-0.048336222413965846
0,0.020882682804180597,0,1,-0.02131979589564814
0,0.020757005646497184,0,1,0.002859858700992035
0,0.020381467884891258,0,1,-0.0305988991740187
0,0.01984680078121759,0,1,-0.060947812670313795
0,0.018594054790892045,0,1,-0.03411584765227271
0,0.0160507852736389,0,1,-0.005275455474518909
0,0.012394137896807322,0,1,-0.030041280731312403
0,0.008503361153771039,0,1,-0.053504370858889594
0,0.00526039451878102,0,1,-0.019827139487742063
0,0.002769829946431379,0,1,0.009163595290280213
0,0.0005534276514715941,0,1,-0.018780767412517996
0,-0.0017220138094300452,0,1,-0.04238091261535337
0,-0.0037194641693671926,0,1,-0.007878309357242319
0,-0.00511929692377322,0,1,0.02546682787442789
0,-0.006301243772102616,0,1,0.0012088351877386216
0,-0.007697173420453396,0,1,-0.0223234784740427
0,-0.009113491960162534,0,1,0.012554155892432473
0,-0.010372462387537418,0,1,0.0466843329923472
0,-0.011982179088008138,0,1,0.02292530284097194
0,-0.014526217534174712,0,1,0.00017146076012908296
0,-0.017909845444466832,0,1,0.031403157842191165
0,-0.021340112982703552,0,1,0.061768934054501345
0,-0.023952663201207258,0,1,0.03534705648896752
0,-0.02560839442294327,0,1,0.007497228425860092
0,-0.026933581171956433,0,1,0.03880093935225948
0,-0.028544779864778214,0,1,0.07003958790265541
0,-0.030319378176474565,0,1,0.04296965503622174
0,-0.031336746254911674,0,1,0.01955815226857749
0,-0.030621007397179767,0,1,0.052088831431770455
0,-0.027894826501736247,0,1,0.08087514195894308
0,-0.023624277062873844,0,1,0.05185645865478583
0,-0.01893023517808423,0,1,0.02524788641104103
0,-0.014924585357730002,0,1,0.059376599034017596
0,-0.011985609390817054,0,1,0.08953485960958263
0,-0.009741541349458593,0,1,0.061372112789431776
0,-0.0077148300331773,0,1,0.03821593970192638
0,-0.006041691837088692,0,1,0.07307544488158357
0,-0.00488294297843872,0,1,0.1007843131894599
0,-0.0037291138783110966,0,1,0.07046854352793419
0,-0.001957210248828112,0,1,0.04859468060625605
0,0.0003851459419319525,0,1,0.08374622077196303
0,0.002532540955813012,0,1,0.11397275295060494
0,0.003683642092948247,0,1,0.0891436062558375
0,0.00366248812517167,0,1,0.06840024085834928
0,0.0029807167604172236,0,1,0.10583149259586921
0,0.002191152155822884,0,1,0.13881096987406116
0,0.001161836365603186,0,1,0.11385688884097478
0,-0.00038140700584765597,0,1,0.09304258877777682
0,-0.0020971288900444307,0,1,0.13035760941079055
0,-0.0035857466391648884,0,1,0.1632776356061223
0,-0.005128274852607362,0,1,0.13834279181545672
0,-0.007161871162736588,0,1,0.1175614508573739
0,-0.009488088418681428,0,1,0.1546708802307577
0,-0.011560637017515418,0,1,0.18833961973827829
0,-0.013229094834189326,0,1,0.16389609535498195
0,-0.014503351194928626,0,1,0.1421004777210224
0,-0.014930764619330184,0,1,0.17898243473311504
0,-0.014129965146088885,0,1,0.2128813415717885
0,-0.012408242976201578,0,1,0.18881965120266275
0,-0.010259116976201632,0,1,0.16755395807875262
0,-0.007569003876023217,0,1,0.20465623914490094
0,-0.004116382320686007,0,1,0.23923343854755497
0,-0.00034597146550385816,0,1,0.21596930516955481
0,0.003094040144938859,0,1,0.1951066778120123
0,0.006161984513950891,0,1,0.23262094240102105
0,0.008942902524236018,0,1,0.26826078163928924
0,0.010859894430739203,0,1,0.24608077473868817
0,0.011122891958132541,0,1,0.22567858844770772
0,0.009596903859104167,0,1,0.25957849532134203
0,0.006962754795842407,0,1,0.2918729323493081
0,0.004114451136971731,0,1,0.26698382232839957
0,0.0013081491997049,0,1,0.24539893517689548
0,-0.0014493040719152361,0,1,0.2850547696902508
0,-0.003697978538617974,0,1,0.32005215082460237
0,-0.004985327099798376,0,1,0.29799099781919347
0,-0.005319537057276946,0,1,0.27973445045661993
0,-0.005190921529595549,0,1,0.3078659415570244
0,-0.005103077103822962,0,1,0.32657885607381765
0,-0.0050795634884091,0,1,0.28853834399153855
0,-0.004734987497573506,0,1,0.253357667459144
0,-0.003761297899080418,0,1,0.27427427808198424
0,-0.002490327548329674,0,1,0.2925346225226131
0,-0.0014363382666031654,0,1,0.25424749721068385
0,-0.0004703674911326061,0,1,0.2191962368185576
0,0.000742548751508032,0,1,0.2404117923175173
0,0.0019178425166144208,0,1,0.2587355978594612
0,0.002596174514367,0,1,0.22188876814702918
0,0.0027672575388297815,0,1,0.1885748453286913
0,0.002454132911527296,0,1,0.21746681882764762
0,0.0011709351201378837,0,1,0.24243528034892048
0,-0.0014137843980215337,0,1,0.20759511481586945
0,-0.004926211795781121,0,1,0.17906310407030102
0,-0.008447989891839036,0,1,0.20735443858242708
0,-0.011150378998068255,0,1,0.2307225504920407
0,-0.012910306247821524,0,1,0.19869392101578764
0,-0.01414283694699403,0,1,0.16900905216907613
0,-0.015161935981461205,0,1,0.19688640548448588
0,-0.015644438510922676,0,1,0.22172523234375352
0,-0.015377618639360158,0,1,0.1871839310153074
0,-0.014913240660724192,0,1,0.15632859843951996
0,-0.014794830903586131,0,1,0.18089404001690368
0,-0.014842831465948336,0,1,0.20203521355670273
0,-0.01487524694411313,0,1,0.16604078911445197
0,-0.015496384403998142,0,1,0.13354593517197566
0,-0.017367015492545157,0,1,0.15508791773597097
0,-0.02038468340722499,0,1,0.17117906273326033
0,-0.023613120241895658,0,1,0.13159943569216748
0,-0.026098266514215318,0,1,0.09285251584889109
0,-0.027724177776506487,0,1,0.10980138329754574
0,-0.028981543576822588,0,1,0.12449543819202158
0,-0.030177602374598322,0,1,0.08122151309236636
0,-0.030836612696147014,0,1,0.04111528080438709
0,-0.03042422306843129,0,1,0.05642023461190848
0,-0.029091959937441736,0,1,0.06811328375907211
0,-0.027389668046159166,0,1,0.021738140171788878
0,-0.025521229786584776,0,1,-0.018682896960769524
0,-0.02298834831573693,0,1,-0.0010827087378944
0,-0.019236661469556715,0,1,0.009651174917943539
0,-0.01442360987055924,0,1,-0.03448056697508495
0,-0.009415631030011973,0,1,-0.07322843777937993
0,-0.0050722201587287685,0,1,-0.0590377312874395
0,-0.0015944028783607678,0,1,-0.05139148774904578
0,0.0015059477362777685,0,1,-0.08773520471471286
0,0.004737009008526805,0,1,-0.1093037229467444
0,0.007956380499183346,0,1,-0.07142982552036536
0,0.010458090343833604,0,1,-0.037689021692332236
0,0.011637782149091613,0,1,-0.06289426752261695
0,0.01161024557889423,0,1,-0.0826647884316507
0,0.011106402879855537,0,1,-0.044845902736430965
0,0.010745890266002256,0,1,-0.010775490420916967
0,0.01046010555751753,0,1,-0.03384633969582507
0,0.010153941491622298,0,1,-0.04967672429184544
0,0.010367320881782938,0,1,-0.00919793035491967
0,0.011667057543837345,0,1,0.027237984377200375
0,0.01388272330188034,0,1,0.01046985557466451
0,0.01614566262058137,0,1,-0.0037349359451879227
0,0.017580309822578855,0,1,0.03590303459194555
0,0.018039632879923495,0,1,0.07033239159502469
0,0.01812383328583511,0,1,0.0472360196984567
0,0.018485727506741156,0,1,0.029804547929340508
0,0.019091656066258622,0,1,0.06771858605542302
0,0.01934400787493118,0,1,0.10267642365392038
0,0.01876869816968796,0,1,0.08497624084803812
0,0.01749308300017649,0,1,0.07139041406642477
0,0.01595672436346529,0,1,0.11426807000045125
0,0.01430389112891195,0,1,0.1547798400708389
0,0.012657472243057022,0,1,0.14139186704136875
0,0.011662013463732634,0,1,0.116934088811117
0,0.011906836573797541,0,1,0.1391555262423183
0,0.013258472103867547,0,1,0.16370401144908797
0,0.01493560301982555,0,1,0.1291225613802991
0,0.016274177451866656,0,1,0.09326863629612459
0,0.017292151350130958,0,1,0.1154429918845501
0,0.017997098763056663,0,1,0.13748590044362552
0,0.01778310649841952,0,1,0.10073131400038537
0,0.016133426903731873,0,1,0.06474699185601107
0,0.013264559801809739,0,1,0.08734703416247536
0,0.010095984172228789,0,1,0.10566760631909777
0,0.007593842360381409,0,1,0.06836149757895815
0,0.006097411695528798,0,1,0.035565809291444817
